1
98
67
31
6
59
99
72
38
75
54
23
70
1
3
4
69
6
82
93
2
5
27
58
82
30
58
23
39
61
32
37
100
87
100
45
88
33
72
24
12
44
11
8
78
21
7
68
19
6
63
15
49
46
46
60
50
30
1
33
99
35
97
4
64
48
42
30
86
77
73
54
98
24
92
81
56
22
86
37
53
96
82
38
66
64
16
15
27
40
80
47
92
64
80
37
90
82
40
50
51
93
33
91
33
62
12
79
33
33
53
4
21
56
89
9
83
40
77
26
28
63
26
5
83
62
42
5
88
59
85
99
21
54
82
53
51
53
10
1
90
2
45
14
72
68
74
12
84
8
81
24
53
71
46
69
82
24
90
25
66
80
15
75
19
88
80
73
21
39
13
20
69
36
90
83
51
2
8
17
51
7
56
36
40
30
52
55
40
27
97
29
57
15
20
85
96
79
47
21
12
25
3
17
55
9
68
1
37
46
96
45
94
19
83
89
16
4
81
41
40
79
25
4
65
78
84
4
35
90
89
92
89
53
80
59
62
38
23
56
33
57
92
73
87
63
63
73
96
72
37
95
58
74
89
59
9
67
1
68
32
13
73
37
54
40
72
66
8
87
41
88
60
71
17
69
42
61
81
17
45
79
25
15
3
63
84
3
69
65
23
29
8
35
48
51
90
73
30
33
12
16
58
64
72
76
3
68
32
93
3
22
59
10
89
85
70
66
50
38
61
7
69
69
58
20
35
91
6
67
20
88
88
79
19
98
18
97
37
61
40
16
26
60
39
43
61
90
32
21
92
13
16
94
16
91
91
50
17
79
86
14
70
38
18
93
73
53
1
4
62
10
20
59
100
90
98
94
80
100
41
51
35
71
99
95
27
12
97
1
3
38
21
34
67
69
81
16
2
65
26
67
8
67
24
88
5
98
39
3
85
86
24
91
79
87
62
28
63
26
77
26
62
33
35
22
48
43
2
69
92
17
15
26
26
8
9
69
25
53
9
10
18
1
51
38
74
40
38
28
36
15
98
68
67
78
41
89
51
30
40
9
13
36
29
60
64
53
57
17
7
35
77
65
26
22
57
81
53
8
53
44
98
8
29
25
73
42
75
3
88
23
38
30
22
1
87
22
35
26
34
46
20
36
41
13
61
5
80
15
81
71
9
50
22
53
11
92
94
31
78
32
52
12
69
75
62
56
31
38
51
5
90
54
33
14
23
85
49
27
78
40
75
37
28
65
98
51
2
57
65
100
66
8
78
28
3
82
60
83
46
40
31
27
75
53
38
51
85
99
60
2
64
58
100
48
85
85
75
9
23
1
66
20
45
56
52
6
7
7
61
56
14
33
24
74
13
29
47
23
33
88
35
84
42
74
3
47
56
14
48
100
53
87
34
100
32
63
49
50
31
14
61
2
59
47
86
62
57
73
17
98
11
32
38
96
28
39
24
63
28
57
81
17
17
65
71
39
100
74
91
14
4
65
17
7
4
41
38
87
82
1
61
8
64
64
75
22
6
27
62
74
76
54
49
93
33
73
38
93
4
69
50
36
3
93
100
27
61
43
94
74
94
92
65
73
69
91
74
20
87
35
20
47
68
37
73
26
34
40
14
95
74
47
87
92
100
24
98
79
95
63
28
74
19
85
80
44
71
43
29
48
85
23
90
90
10
19
58
79
59
88
61
13
88
91
78
88
74
23
78
38
49
59
76
86
81
86
49
62
42
51
33
29
71
40
20
25
39
25
66
56
9
100
67
77
40
78
61
91
89
61
22
30
5
15
37
32
14
48
96
83
6
80
9
15
2
43
66
88
72
70
15
81
87
8
80
21
9
23
60
34
57
2
52
96
4
44
3
65
43
27
22
2
39
55
92
42
60
38
96
81
4
73
61
64
55
25
4
10
80
97
75
81
42
64
27
72
85
90
22
49
94
2
18
21
99
62
47
8
89
89
79
86
61
97
55
7
25
20
33
45
41
81
10
44
92
94
51
95
37
53
46
76
88
89
8
79
24
58
60
66
79
77
45
81
82
1
24
6
69
20
61
2
96
81
32
25
84
39
30
12
77
38
98
61
81
4
48
8
23
61
40
2
13
52
6
39
90
58
88
84
45
30
47
80
83
61
15
24
62
63
26
83
48
75
45
37
74
19
35
68
89
71
57
45
14
77
4
100
49
38
83
44
2
54
31
16
18
56
63
18
99
9
65
83
43
71
55
74
46
9
14
62
38
22
62
75
99
59
42
47
68
47
97
90
60
55
48
91
68
-1
