2
183
779
21
274
835
243
200
135
242
243
9
319
362
150
192
456
296
622
80
994
71
733
690
756
44
526
47
315
283
821
705
216
184
24
412
329
899
447
979
896
535
564
34
401
251
635
802
380
140
953
192
157
846
805
192
272
786
479
865
192
152
814
622
571
223
296
823
258
812
588
361
804
571
986
763
814
12
685
943
491
161
747
143
478
508
99
808
267
419
841
655
314
906
833
350
145
407
81
712
146
374
13
132
361
739
572
318
894
256
410
891
862
984
899
413
471
970
872
927
328
877
22
554
565
730
102
496
805
373
529
493
950
324
647
93
160
81
878
308
761
549
282
845
610
770
903
450
150
468
81
501
601
430
90
789
55
197
915
805
665
516
488
603
669
392
22
358
704
26
152
94
648
679
790
830
562
746
331
247
134
732
375
827
421
940
490
919
460
214
670
161
752
225
749
573
59
978
44
408
156
635
64
381
799
688
262
374
828
686
294
947
463
435
758
815
556
130
984
427
984
586
603
81
306
543
40
69
417
22
229
818
219
596
705
381
316
362
470
158
934
675
987
845
26
161
287
118
660
277
765
847
584
103
665
140
188
48
146
697
292
485
649
733
241
72
551
480
541
774
949
739
821
38
113
764
866
113
498
38
916
595
858
617
164
46
830
668
633
863
501
404
749
775
402
448
110
9
98
692
921
323
970
76
543
537
884
338
186
201
288
582
882
686
394
511
858
286
12
360
910
516
490
660
640
836
950
1000
98
594
132
715
869
820
134
542
592
348
145
395
545
397
833
441
321
630
903
734
81
250
677
789
74
505
622
360
417
246
891
138
489
824
556
140
792
138
989
23
708
754
801
665
737
633
58
699
981
212
400
891
724
667
181
582
595
580
998
226
377
781
896
484
75
319
278
517
130
982
493
126
900
390
234
185
575
356
688
23
814
903
195
450
289
745
748
728
309
638
918
589
138
556
340
969
572
48
439
105
312
756
941
698
645
522
422
183
998
777
674
977
885
477
868
772
49
904
227
753
941
947
440
862
585
394
522
959
165
397
921
671
756
21
668
513
147
70
539
690
387
924
809
160
857
64
765
436
433
659
521
498
288
186
596
53
45
919
915
45
327
432
125
482
467
939
789
247
182
674
42
10
894
325
477
344
832
738
621
771
881
949
862
224
215
497
800
85
341
151
66
777
918
463
34
321
845
877
420
837
321
22
616
496
651
575
415
243
690
194
420
646
267
478
208
238
203
765
608
255
630
151
337
681
829
970
330
593
483
437
972
667
776
268
710
771
841
484
532
586
463
887
7
925
932
153
953
177
314
957
88
686
89
307
966
936
15
357
96
458
877
896
338
531
104
503
460
82
912
81
304
522
626
491
966
761
857
907
187
377
563
208
726
46
814
837
7
235
410
865
39
674
495
527
877
529
615
997
166
442
623
833
536
625
375
677
341
584
614
483
619
810
217
730
190
178
529
227
276
516
658
912
267
881
258
830
117
594
517
19
189
405
901
535
201
139
266
803
781
36
73
230
829
607
597
444
948
504
909
44
333
911
628
650
525
833
266
24
57
913
813
399
760
70
622
653
913
125
404
705
432
643
709
234
263
165
439
747
954
25
159
498
959
363
489
582
163
529
987
34
315
755
455
250
962
152
894
276
492
600
582
880
469
138
409
235
117
103
680
70
605
160
950
873
86
224
36
610
743
877
582
478
501
636
936
973
451
142
63
707
494
716
143
311
843
88
312
265
255
503
442
611
818
616
309
762
757
363
873
211
38
914
182
879
363
718
828
120
577
377
967
618
502
752
758
51
377
263
490
223
55
933
310
343
718
373
82
575
621
543
323
681
816
830
594
717
418
359
581
755
373
557
545
750
279
360
792
477
348
374
396
419
137
628
692
413
633
890
683
16
405
704
329
968
741
650
669
601
788
97
96
958
448
43
865
856
366
715
556
495
744
398
100
288
511
779
359
606
203
784
810
596
223
613
15
866
880
385
376
397
61
985
333
319
254
172
178
966
519
224
567
958
406
552
552
675
265
460
612
26
983
690
401
880
427
249
195
708
719
474
588
596
82
870
417
598
915
815
532
720
842
13
293
676
428
970
9
910
352
60
104
746
923
629
95
808
559
10
432
456
502
904
488
554
599
345
433
748
198
20
785
625
358
126
199
605
132
255
30
409
799
877
795
985
620
89
471
646
375
647
489
149
205
513
462
861
636
984
355
403
170
40
947
497
237
339
568
27
42
28
705
267
867
197
397
517
810
452
19
889
404
317
215
192
883
794
525
799
39
517
317
627
989
981
20
616
728
49
774
532
72
450
842
593
733
122
811
400
151
175
558
917
484
553
894
406
945
267
356
198
913
290
332
78
111
822
386
297
893
913
238
282
323
977
673
286
824
273
94
846
888
650
610
543
592
188
732
631
856
374
870
225
671
206
299
970
635
381
826
290
412
503
107
253
468
590
138
449
473
427
927
603
425
259
573
659
672
882
570
428
407
933
304
452
918
689
311
881
94
229
516
208
862
804
384
532
337
353
855
93
353
264
693
611
833
928
765
344
744
432
158
408
164
689
476
581
557
250
52
628
776
876
914
562
166
98
804
323
205
292
615
388
550
566
622
857
27
446
889
791
733
21
199
548
36
971
246
678
684
298
291
274
744
249
604
270
680
522
286
681
141
927
236
357
178
937
318
702
427
775
908
123
644
95
336
409
561
166
826
47
983
683
751
747
389
661
645
274
574
164
183
417
241
252
109
17
591
483
138
341
522
691
700
63
255
700
861
934
951
663
285
908
731
687
342
555
951
941
572
836
7
368
633
206
677
364
214
844
292
565
770
669
754
375
24
957
240
745
173
595
835
602
69
560
592
253
875
428
295
836
278
298
139
833
622
246
392
109
600
128
687
366
724
323
693
108
673
3
83
714
110
737
892
996
1
95
530
968
140
744
259
398
865
197
337
438
649
726
359
15
902
527
548
400
307
208
296
350
451
893
642
572
4
62
248
248
161
101
829
447
63
282
487
630
123
533
554
162
1
538
925
603
922
443
513
347
670
475
20
784
329
943
652
612
809
859
569
579
455
113
839
27
712
75
739
920
431
362
314
317
48
285
934
406
878
292
759
197
690
41
990
488
782
600
383
716
525
477
287
545
627
198
604
28
626
39
363
284
32
653
399
346
964
873
238
242
573
725
46
958
22
500
716
208
760
400
682
255
6
166
8
132
851
101
607
324
550
539
194
942
900
16
735
567
525
555
337
842
516
761
869
11
192
967
134
764
816
512
613
469
556
730
967
810
69
906
41
803
654
427
482
326
345
245
395
627
990
914
950
435
831
798
676
906
73
92
992
728
377
818
86
4
237
989
109
31
247
42
894
600
487
738
764
794
182
515
939
961
337
535
741
432
158
921
777
313
20
984
96
501
651
19
717
166
629
430
50
78
978
277
684
327
387
643
941
762
25
661
211
741
188
312
961
784
596
234
680
269
321
204
7
257
611
187
988
129
55
601
16
31
33
132
141
918
389
233
955
820
537
280
133
533
191
161
230
222
371
282
499
297
813
657
475
839
726
308
470
657
603
90
122
910
705
743
916
795
431
624
713
241
771
484
58
901
391
508
600
725
999
685
494
233
28
381
813
601
305
924
128
717
637
575
483
365
245
509
301
920
33
41
132
773
573
200
762
557
548
566
854
32
662
71
205
628
5
137
829
271
448
995
319
417
865
238
1000
782
247
466
877
45
580
922
437
173
16
772
164
104
383
629
312
886
853
212
611
668
556
545
933
679
401
176
428
213
369
417
624
26
338
260
612
515
446
491
222
346
749
299
550
365
923
496
229
27
434
313
243
506
519
524
676
144
874
902
444
46
386
925
650
630
833
986
425
525
441
807
946
887
16
11
713
448
889
596
746
84
46
58
486
464
618
785
230
107
368
60
877
332
254
578
591
468
466
375
763
653
225
413
72
89
967
781
668
617
551
133
53
354
911
289
465
116
628
148
701
128
398
320
444
601
221
30
412
263
2
690
366
834
185
803
123
596
194
100
119
414
676
428
863
836
570
846
635
255
2
204
943
355
230
874
871
630
981
881
637
908
818
873
300
547
639
821
620
874
559
233
888
435
847
388
946
918
551
622
849
275
425
885
533
879
586
859
14
784
878
936
188
651
382
237
156
773
554
371
456
913
789
147
225
771
351
859
715
106
327
373
893
592
970
678
256
946
637
187
724
380
937
333
535
284
600
28
730
180
420
657
901
420
648
471
437
927
374
420
26
965
490
139
86
546
673
614
237
534
547
167
879
930
449
462
446
601
562
70
697
410
490
759
460
360
874
440
258
33
364
835
479
797
468
192
113
448
487
607
659
323
970
605
546
399
558
552
280
570
334
289
975
427
676
122
535
789
361
453
824
885
654
285
173
252
581
224
672
661
760
65
213
3
387
627
185
444
111
695
446
66
205
357
877
741
377
43
739
636
690
946
973
490
729
162
378
25
50
516
156
405
233
470
986
93
567
258
652
123
223
418
247
190
363
794
156
384
301
817
806
116
384
277
566
887
790
758
284
4
238
14
168
687
687
8
789
336
352
859
479
371
424
829
190
28
307
856
442
682
225
237
449
149
312
528
204
87
269
382
311
578
764
81
998
947
42
110
305
47
892
631
781
206
309
48
89
416
330
732
854
570
526
534
982
659
583
936
49
946
102
309
430
323
304
520
979
77
761
123
82
96
228
217
845
322
828
304
484
391
324
942
854
156
958
937
396
430
111
136
733
797
55
408
78
380
819
164
928
673
68
254
355
702
720
773
72
741
128
102
562
141
358
934
692
221
856
490
691
295
358
729
756
98
832
483
712
140
651
276
530
154
845
812
442
963
659
727
165
766
344
402
175
848
951
513
582
647
45
278
326
582
364
607
823
445
249
800
791
599
725
924
552
275
632
488
219
180
678
255
6
139
25
812
848
868
478
641
123
672
415
562
958
634
36
880
740
892
677
426
491
35
281
299
696
39
790
178
982
42
613
776
479
945
282
305
383
396
32
601
76
823
184
354
184
645
189
209
953
715
835
87
454
987
669
145
801
283
328
61
115
573
848
811
694
25
350
482
519
194
467
358
914
543
730
87
667
478
555
278
846
228
54
621
872
234
227
661
397
249
390
156
913
426
132
808
917
707
233
458
230
873
276
51
104
499
144
613
770
967
544
436
155
297
476
411
910
671
947
843
118
877
326
637
934
227
759
818
38
592
76
943
339
721
273
243
353
366
73
39
860
503
448
593
566
888
166
844
759
411
794
149
822
930
786
613
851
743
827
492
43
516
963
193
671
989
221
145
128
380
547
340
285
667
586
756
156
738
129
44
568
825
352
171
926
548
808
906
80
935
113
312
847
113
189
958
66
102
95
614
246
177
883
250
39
42
418
730
941
886
442
84
903
852
365
124
890
589
834
406
471
362
835
509
374
368
427
896
353
645
885
140
185
530
622
667
442
221
690
961
558
642
623
178
154
947
308
108
364
186
642
274
330
424
974
315
154
624
948
617
796
986
434
563
430
271
919
566
258
538
644
659
892
238
375
191
819
334
467
745
126
193
441
34
935
947
830
12
270
698
99
731
964
846
685
459
788
377
173
539
168
245
753
870
918
150
792
88
209
904
942
702
600
178
461
578
201
120
994
887
435
535
665
106
899
683
638
99
681
743
379
730
582
308
914
797
1000
558
94
219
858
366
709
418
215
596
591
807
359
284
114
432
516
41
874
123
997
249
332
992
436
756
766
821
928
322
819
19
62
449
804
152
374
67
390
348
242
329
518
75
73
238
99
905
786
210
676
285
699
52
907
166
818
466
415
46
929
427
14
860
692
798
890
512
712
123
132
505
999
502
339
809
683
521
114
677
67
422
31
985
320
426
423
609
898
297
592
935
33
961
941
148
511
457
429
792
548
178
255
881
645
73
327
843
981
560
267
193
180
535
279
885
4
649
5
158
613
970
653
380
441
256
530
364
125
720
938
200
662
380
103
116
544
442
445
77
540
156
919
21
162
314
37
779
343
156
422
130
675
616
97
744
622
936
315
368
628
853
671
253
166
42
253
431
660
622
637
133
862
252
108
82
89
7
19
978
753
295
483
428
590
551
16
930
261
107
765
347
371
692
430
384
839
575
520
295
15
890
295
826
466
739
233
693
387
518
158
359
296
462
385
342
286
709
486
587
159
417
816
307
899
375
948
358
203
771
666
127
778
449
689
686
856
637
302
431
216
478
439
9
875
572
144
163
770
247
877
398
406
930
186
537
732
540
447
721
84
845
802
504
12
119
899
710
806
47
566
439
989
287
813
120
630
721
316
252
303
642
466
562
666
933
464
690
410
217
630
37
458
429
641
807
746
878
487
532
821
739
535
126
137
102
308
980
896
684
429
336
271
17
617
731
526
140
946
414
999
839
998
218
170
659
957
283
987
22
983
781
408
365
611
229
49
122
369
466
49
803
538
343
668
4
504
960
383
865
792
638
47
551
174
964
292
825
540
103
850
776
118
208
653
98
257
190
737
118
542
692
375
313
3
858
638
681
784
822
276
680
612
55
969
238
785
681
724
163
368
36
559
640
218
927
186
995
975
308
777
268
527
467
656
196
831
609
974
904
679
338
851
481
314
590
672
793
576
991
383
11
665
387
1000
352
945
377
585
888
280
279
979
4
27
57
624
863
285
316
349
436
121
357
890
176
985
319
778
910
914
655
464
873
761
2
240
802
832
71
391
315
34
934
463
335
548
26
231
28
382
560
14
478
163
877
30
683
271
653
577
211
757
175
451
686
923
725
530
703
516
425
593
415
979
497
131
664
824
375
82
837
478
353
438
296
486
2
859
4
981
990
887
683
570
875
263
800
772
180
594
502
235
29
862
974
984
586
289
161
948
80
606
852
112
117
584
181
59
192
991
10
645
392
477
374
466
430
542
407
80
669
281
340
296
217
918
898
187
446
178
6
855
175
871
999
36
407
129
869
844
830
270
4
611
884
127
613
568
162
1000
600
437
963
181
847
380
964
740
813
683
522
514
687
604
859
928
748
46
586
121
13
674
678
709
188
299
715
355
537
654
619
679
961
127
668
292
572
891
965
903
854
304
668
272
76
59
292
71
591
109
256
926
542
719
100
734
562
883
982
839
50
497
637
460
693
427
814
18
628
899
358
369
200
212
809
331
398
303
881
120
972
53
596
709
621
663
212
706
764
899
798
495
7
675
276
236
784
578
487
941
933
112
352
487
711
787
522
171
701
467
208
219
484
673
379
496
996
130
178
10
772
39
272
267
926
545
617
645
889
381
608
320
835
275
308
645
770
811
181
298
897
69
717
733
26
592
189
928
117
729
440
277
24
379
342
696
225
618
317
81
46
131
301
522
583
455
897
509
312
751
973
481
392
811
41
509
369
551
421
282
670
621
462
749
781
801
97
819
383
923
479
21
594
979
733
862
851
528
528
131
204
775
330
659
63
698
652
683
513
625
699
239
467
79
135
149
524
847
975
690
691
807
348
202
563
11
849
547
267
60
716
380
431
572
663
685
912
795
332
992
333
620
212
194
701
276
96
656
274
467
100
750
787
716
142
412
797
791
662
151
951
178
43
560
67
956
801
725
510
506
53
526
757
401
468
585
674
715
170
556
85
449
863
587
563
882
498
154
887
44
701
630
579
314
517
135
680
90
901
736
866
1
530
649
864
697
111
439
654
878
275
459
263
489
130
934
617
606
290
361
835
354
271
599
989
287
466
993
10
569
79
184
997
436
86
425
344
593
621
454
11
874
247
810
932
856
18
996
889
668
742
209
931
322
677
769
557
578
143
997
855
826
577
794
417
842
28
418
439
848
999
560
884
928
454
704
323
541
938
45
467
245
1
543
141
565
585
1
714
66
3
664
382
877
299
351
624
128
637
704
598
490
984
290
342
943
832
145
503
467
814
216
461
584
848
547
350
135
746
408
621
130
294
752
868
566
94
875
426
597
932
783
525
931
108
940
664
213
311
117
694
551
31
56
823
316
825
621
39
832
123
534
544
972
499
848
536
91
18
746
797
794
471
202
78
199
659
826
254
340
57
724
600
229
150
61
59
478
655
537
9
678
983
20
134
864
287
174
393
760
733
928
341
26
465
726
829
78
568
141
933
474
782
329
636
48
628
70
278
548
20
596
589
356
563
859
168
206
185
669
445
664
195
605
953
554
318
870
188
786
937
913
866
801
332
626
166
313
100
518
423
195
719
284
154
835
606
296
166
663
762
990
966
685
114
129
357
23
73
364
811
910
659
404
725
896
23
536
689
201
818
342
938
794
849
487
847
158
803
484
680
208
833
609
522
321
925
233
887
442
55
345
103
502
117
486
959
574
379
440
273
61
426
193
123
231
442
694
13
180
823
623
769
711
123
30
581
899
450
988
376
776
515
284
368
108
184
376
351
374
788
79
890
510
79
676
45
372
342
571
397
61
788
400
327
287
208
871
216
664
858
489
979
328
868
783
570
649
344
763
972
229
405
801
496
812
947
147
735
916
321
74
993
56
859
525
999
326
159
878
182
893
529
661
591
799
853
355
684
727
633
287
701
575
444
726
693
958
409
232
657
272
311
781
995
982
312
637
106
270
805
861
22
738
635
971
13
48
89
543
591
309
836
491
282
958
651
345
753
676
890
174
400
615
494
451
790
668
908
905
259
826
177
962
941
987
713
927
337
179
493
838
893
490
236
124
926
726
686
449
47
872
970
223
700
790
44
117
18
875
997
382
664
465
267
119
442
956
257
268
174
958
379
125
286
288
934
559
103
291
168
637
410
645
357
138
929
17
44
670
182
352
450
542
258
61
920
255
829
928
274
730
836
817
402
162
453
863
213
547
160
654
198
348
289
514
901
420
523
541
782
392
655
266
588
14
917
468
920
530
80
845
451
860
918
185
88
654
783
663
439
972
38
296
441
996
37
42
708
703
440
559
225
704
383
172
743
780
457
406
411
85
159
897
57
982
823
528
142
632
310
371
703
201
613
834
276
447
632
569
774
185
96
766
407
607
198
641
188
571
11
152
667
530
67
557
182
305
198
96
388
516
78
276
419
534
108
676
941
902
483
343
794
250
814
531
455
393
924
676
537
865
72
714
618
653
161
23
333
599
509
630
13
465
625
18
284
162
700
229
87
683
667
673
20
319
325
224
508
425
23
530
864
27
665
720
305
405
778
676
482
544
798
572
841
209
442
810
299
223
620
200
168
340
156
10
356
669
659
175
682
645
609
929
717
765
4
977
323
968
851
426
472
16
776
691
164
672
876
441
300
611
789
360
274
611
682
806
417
529
122
486
439
15
412
566
700
45
646
279
188
878
642
22
723
674
877
855
507
262
767
92
423
205
952
916
281
686
657
411
677
585
524
321
910
188
714
134
574
466
75
920
453
142
413
352
16
144
86
704
818
590
663
201
976
437
601
371
787
185
711
863
324
379
168
666
134
598
777
212
467
341
819
719
751
387
930
788
409
601
151
228
82
686
93
186
835
122
89
486
206
112
393
52
788
378
388
27
17
38
144
410
65
535
186
672
894
777
798
469
990
238
350
511
589
226
652
797
57
804
770
63
66
812
238
310
646
861
82
420
235
927
371
115
577
677
858
487
607
908
775
884
406
179
851
459
252
294
377
101
657
71
290
733
318
919
310
448
664
336
705
953
229
638
416
545
115
281
96
934
252
262
635
661
738
931
961
224
399
445
780
421
760
163
613
933
681
74
916
685
64
884
597
889
191
222
628
630
496
777
823
855
556
736
345
829
690
244
27
334
129
698
152
70
796
934
461
512
757
372
419
524
282
641
93
440
445
66
693
193
716
174
456
715
636
908
33
880
402
415
54
423
306
583
679
255
695
824
535
205
704
9
735
1000
53
828
475
780
673
800
282
522
405
632
763
577
872
5
206
733
374
397
284
49
706
411
702
90
202
298
739
299
624
904
540
888
168
703
955
898
367
401
721
465
303
865
763
106
436
192
31
370
520
905
767
104
994
246
646
442
119
132
515
336
293
222
756
808
556
222
361
988
261
587
366
844
803
702
144
326
625
857
88
390
66
603
377
240
22
653
904
747
952
382
331
120
320
596
48
98
452
520
235
487
72
598
21
297
138
236
575
723
589
176
681
127
354
666
627
534
647
685
484
918
366
756
221
886
994
563
271
553
790
400
148
436
24
346
261
37
461
666
710
587
525
40
22
210
224
762
454
643
633
706
237
840
600
400
755
624
436
353
135
208
686
816
960
423
573
672
426
740
903
545
465
666
341
964
517
843
768
225
983
198
663
168
823
687
479
340
358
247
441
640
636
718
196
585
285
792
484
222
648
428
388
606
756
568
836
964
375
805
771
534
407
951
831
748
883
238
516
581
742
382
539
586
602
954
517
463
56
176
249
406
335
799
196
858
60
75
476
266
119
486
139
98
626
248
988
517
104
435
235
179
992
732
495
682
285
969
434
955
863
306
443
302
793
909
67
904
297
338
792
625
756
127
588
879
993
761
255
153
971
946
132
279
709
154
458
929
678
167
163
890
334
500
383
868
423
527
825
578
728
979
851
31
33
80
478
59
414
497
544
202
600
467
63
257
952
859
110
469
238
500
585
306
481
49
171
182
642
849
973
22
147
306
124
177
380
82
47
846
474
383
968
996
691
156
898
531
935
916
746
902
231
837
610
624
523
51
256
599
311
548
775
317
434
759
290
968
618
715
64
710
511
47
431
448
277
407
481
895
831
104
207
223
17
674
501
493
180
354
87
381
645
95
366
286
70
678
458
757
146
738
211
148
660
871
967
666
800
454
557
158
178
956
4
688
24
302
688
311
143
103
552
48
735
363
345
191
442
943
295
409
344
954
273
713
229
63
585
400
161
414
138
444
558
65
464
637
568
585
239
596
195
863
38
558
293
597
347
41
99
372
170
744
287
32
918
215
419
807
815
144
258
288
423
564
976
57
439
590
398
64
842
857
349
131
960
48
756
886
354
572
459
17
472
241
500
91
47
679
830
765
439
951
843
150
673
965
827
748
82
777
362
82
581
294
99
543
838
672
413
51
804
455
881
278
947
387
610
150
22
717
199
840
507
472
43
159
117
147
853
655
52
290
228
24
332
169
94
365
247
61
978
222
986
79
860
914
895
769
591
715
236
949
44
470
79
425
958
454
313
952
210
83
300
349
983
355
867
541
384
883
869
508
71
910
659
61
706
856
953
940
918
824
252
75
484
904
100
277
683
559
317
543
430
737
456
875
97
290
894
733
234
706
646
801
864
967
264
745
401
42
295
926
879
575
257
188
933
939
710
4
476
362
612
807
279
310
10
213
216
337
765
371
298
281
611
639
236
443
850
866
627
695
144
183
434
112
140
769
470
852
939
115
770
973
32
287
641
436
266
358
508
6
41
460
38
491
964
259
493
358
698
783
166
590
792
662
986
983
601
799
331
195
757
883
276
567
167
441
117
218
89
54
806
668
278
423
133
482
212
140
322
448
185
365
544
910
816
287
487
316
1000
216
509
652
584
619
491
708
996
997
324
546
43
227
131
948
891
923
985
906
25
365
210
642
623
77
793
636
637
706
174
155
145
386
412
261
425
203
288
24
912
997
875
567
400
892
70
11
490
145
858
310
59
518
981
661
417
826
8
809
622
258
924
780
952
781
397
646
653
917
32
856
15
309
910
230
878
176
317
783
565
111
827
506
99
423
93
897
497
665
588
981
696
561
847
580
300
339
584
980
633
657
214
847
816
753
694
780
573
205
20
943
807
328
626
484
917
619
867
410
574
277
131
283
84
895
247
563
398
473
820
880
392
579
380
394
85
146
641
303
896
28
296
143
200
267
498
220
276
55
153
657
63
643
740
229
638
25
278
464
110
505
711
339
417
656
680
292
475
206
983
206
645
552
218
611
370
497
608
878
303
731
898
916
831
437
943
899
885
55
1
109
80
86
76
68
867
395
917
920
506
367
627
996
837
694
748
998
305
752
505
325
547
490
916
572
63
626
915
26
492
606
150
202
170
382
214
168
276
729
268
463
520
128
272
731
143
72
592
263
434
307
137
704
825
266
936
502
872
767
47
193
11
478
855
448
809
774
684
56
725
605
417
416
922
697
117
836
362
993
848
904
221
154
878
2
19
43
353
974
108
558
695
380
573
296
202
746
467
398
275
265
102
982
122
389
910
384
193
293
757
278
947
210
194
78
912
686
796
404
469
570
470
45
572
46
211
168
826
121
337
787
496
657
76
893
978
983
44
4
777
871
206
57
686
789
202
953
199
221
891
577
337
99
659
457
147
492
401
311
349
668
303
663
922
411
443
755
684
465
87
442
986
484
250
127
459
333
803
520
646
810
740
484
429
301
496
732
78
765
956
174
548
227
718
504
429
97
91
749
56
782
181
106
200
856
148
814
851
483
451
961
757
548
1000
94
725
568
338
126
638
146
265
379
54
751
441
459
703
339
977
646
746
267
885
626
570
416
784
297
488
559
398
664
59
219
34
855
960
594
89
930
850
700
564
444
71
515
119
450
607
860
884
37
421
203
171
507
147
32
535
711
973
326
530
156
121
658
220
674
208
643
399
759
826
340
215
397
375
284
536
896
833
32
645
47
668
187
642
574
227
900
475
798
89
314
365
841
212
302
850
288
151
995
561
404
652
359
128
28
271
626
684
574
725
613
39
48
20
761
778
87
409
965
927
350
100
796
306
942
492
181
648
913
564
757
804
689
905
950
802
778
442
897
96
589
368
238
784
47
531
381
275
430
324
416
896
136
610
69
808
376
701
573
537
149
36
791
67
60
388
900
936
142
174
91
745
445
732
541
265
793
966
116
663
939
994
882
312
618
861
202
765
402
861
305
215
29
32
801
335
34
536
803
74
599
494
425
360
149
633
688
913
913
477
558
59
753
290
802
997
63
602
199
27
380
240
689
845
450
202
497
79
873
343
848
765
895
152
548
950
262
58
89
990
748
284
616
149
208
369
685
977
681
412
774
43
841
387
356
685
276
177
813
569
401
359
437
534
982
373
403
334
51
784
218
349
268
383
590
441
883
398
683
586
549
74
600
403
289
354
973
871
929
200
839
653
737
329
685
164
662
54
312
386
205
58
19
21
647
905
121
560
115
993
810
89
153
879
791
399
396
739
370
520
838
428
236
480
514
241
112
689
206
494
102
121
513
238
232
483
143
341
583
123
845
495
205
831
690
296
781
259
583
899
586
965
346
403
451
533
726
987
233
827
553
797
636
837
797
225
632
245
504
45
121
462
633
413
92
811
550
251
892
530
178
106
311
88
786
519
654
841
991
193
421
905
54
358
800
63
687
858
279
132
907
591
318
929
379
808
774
583
102
967
295
604
861
144
824
962
316
860
186
438
445
64
146
591
407
461
453
965
51
72
146
593
348
908
134
753
953
172
492
158
22
472
551
566
414
264
338
800
554
78
951
811
421
977
123
164
233
352
975
293
242
317
673
361
381
974
580
134
668
464
133
222
276
140
977
230
513
290
390
800
535
406
20
965
605
566
191
488
6
565
361
109
478
682
800
549
626
901
231
530
576
793
134
131
931
485
981
704
62
412
464
968
194
806
750
272
667
716
566
391
485
791
224
716
292
92
761
45
324
949
162
803
31
447
103
127
390
615
831
311
118
651
509
994
131
522
914
828
478
567
481
329
439
725
133
202
622
36
327
892
506
726
958
92
385
822
472
406
395
2
865
445
219
643
132
190
234
5
734
327
766
353
242
546
460
974
184
128
297
830
802
5
99
293
767
241
884
739
991
293
715
858
921
930
610
593
479
680
344
469
368
742
615
173
157
846
428
379
786
5
895
925
70
870
289
235
166
273
896
875
780
587
498
691
852
23
247
267
650
770
736
87
131
248
258
807
320
539
885
256
835
456
118
515
55
827
20
245
115
791
193
492
490
544
508
197
598
802
795
757
852
255
540
335
130
918
106
886
303
33
657
80
265
183
875
673
946
182
860
237
694
112
732
344
783
746
814
728
989
74
416
394
980
792
415
205
797
702
271
730
60
417
37
27
224
891
190
354
463
907
96
476
438
604
722
346
723
634
21
810
28
695
874
115
809
104
241
733
473
624
796
673
924
382
513
959
483
446
704
100
154
484
389
24
971
57
177
315
212
104
82
268
738
55
515
16
240
955
444
768
387
594
208
548
970
67
687
933
140
65
318
185
295
399
590
307
556
500
478
531
555
346
347
734
788
615
844
85
352
595
167
587
400
930
488
729
612
640
766
881
724
766
544
492
203
541
962
842
898
772
640
54
29
673
190
548
578
809
797
237
189
460
406
450
430
332
34
120
694
174
177
987
850
262
418
637
113
440
269
304
938
990
768
568
237
768
22
787
214
637
363
738
333
65
262
657
407
772
115
398
557
931
467
83
867
413
447
181
865
31
382
809
245
371
404
353
802
423
415
996
2
627
953
621
767
736
16
940
694
490
513
540
708
250
991
486
299
379
852
961
96
642
60
341
245
831
928
12
919
67
342
375
524
81
729
280
238
231
34
934
260
839
429
912
410
87
518
819
860
948
408
586
240
783
101
304
856
746
554
409
711
665
447
29
387
395
344
780
257
552
675
459
416
402
316
880
730
616
104
249
458
385
713
621
637
471
471
827
342
412
689
538
99
731
23
920
373
805
64
491
373
905
831
43
785
941
268
154
891
832
807
99
156
549
272
449
719
57
481
707
178
773
924
868
33
86
208
336
653
414
836
544
988
920
512
402
760
433
802
23
829
793
649
560
237
86
913
538
359
577
143
897
19
273
825
946
878
337
761
797
988
459
605
548
522
36
413
50
828
62
875
455
819
524
904
22
241
827
649
987
869
843
804
515
359
614
493
401
152
127
806
763
256
536
246
412
116
880
495
289
299
15
588
530
880
179
34
660
639
552
901
294
174
458
389
35
503
351
653
144
478
491
605
130
101
325
27
826
826
223
780
158
110
543
373
935
233
786
140
179
962
400
997
611
106
827
624
219
728
167
475
138
864
360
682
353
610
106
227
916
910
679
407
545
999
867
522
397
634
656
3
439
378
593
648
153
853
92
534
47
417
354
925
463
732
635
976
707
514
672
128
836
856
962
33
432
468
413
45
814
552
727
188
137
866
525
210
737
300
438
691
146
61
960
936
23
991
940
645
480
530
543
775
927
979
38
748
110
472
535
572
716
1000
143
468
683
806
424
489
133
875
473
518
668
345
680
182
926
293
986
806
155
114
344
715
907
810
669
777
773
941
171
140
909
940
262
224
376
23
685
394
360
995
20
463
217
63
496
12
850
142
133
616
456
58
781
563
276
486
688
810
517
500
757
484
499
49
972
754
224
754
986
703
370
418
186
363
837
609
346
131
847
604
770
197
572
290
714
160
988
249
956
193
368
363
905
380
505
302
373
601
667
214
723
214
526
86
137
846
862
336
844
356
576
473
894
108
862
89
358
770
370
633
205
946
65
131
236
237
369
680
694
990
96
551
518
962
27
606
102
254
292
694
168
109
963
316
555
89
301
295
422
49
399
455
595
393
833
364
630
125
207
245
400
14
740
412
900
832
120
65
303
310
284
769
745
800
952
91
455
159
350
722
893
713
930
714
534
723
880
625
970
704
356
998
451
721
818
90
120
117
667
507
802
849
172
801
447
235
279
338
753
395
557
614
697
858
185
55
579
896
506
812
798
223
28
239
349
128
753
675
69
58
800
674
711
842
875
744
15
139
904
605
203
291
571
69
936
576
713
720
74
726
638
515
610
988
312
709
194
767
76
377
815
158
787
969
674
621
185
895
928
609
907
629
147
926
591
70
243
769
39
826
60
83
348
322
294
492
372
381
176
800
501
587
583
91
668
12
367
973
326
302
102
289
808
780
489
201
982
966
418
763
257
184
921
78
506
285
177
956
407
611
637
634
506
269
688
787
438
790
89
239
659
57
343
768
483
747
723
292
273
687
937
414
3
906
70
15
542
270
579
984
973
195
227
788
595
298
641
312
569
774
697
443
821
770
677
291
307
349
503
592
433
385
232
666
490
779
115
315
765
930
372
785
712
912
881
913
164
68
458
66
348
302
560
516
477
80
184
371
25
214
108
872
298
575
546
984
591
846
236
335
83
227
577
923
831
952
743
571
26
997
301
570
740
190
895
831
819
551
73
9
159
982
271
812
668
331
342
27
337
329
982
115
55
699
770
17
592
689
707
643
182
688
30
736
610
842
476
123
82
510
715
477
865
685
20
473
882
104
341
437
978
276
218
574
205
537
341
809
16
96
80
470
599
707
326
707
232
521
793
962
83
276
802
232
972
697
339
217
470
6
297
90
646
497
864
951
332
552
494
990
766
269
748
822
536
832
892
853
528
569
808
400
299
201
531
528
460
1000
316
447
71
841
538
348
370
598
392
703
696
197
990
712
836
12
539
560
963
293
168
740
428
67
283
109
77
62
449
253
973
33
955
871
200
443
141
481
8
527
234
96
610
4
64
454
170
485
351
144
326
900
699
552
939
260
850
289
971
2
692
302
650
473
604
674
871
649
769
775
178
227
850
498
847
89
583
536
836
723
911
487
922
713
194
839
88
869
379
333
767
168
978
713
560
859
486
532
900
986
446
946
881
843
830
177
62
250
544
118
287
46
642
635
347
742
25
345
770
975
179
471
360
854
727
824
624
619
870
766
35
342
647
528
839
139
718
350
406
433
90
82
200
615
87
285
601
383
690
918
22
62
627
206
95
393
151
616
106
917
878
680
126
646
59
60
53
523
819
642
584
75
848
189
479
123
259
973
305
341
433
692
702
275
957
720
923
688
118
176
828
281
183
929
229
66
278
693
728
936
328
983
362
400
24
782
584
118
56
488
411
907
985
855
363
359
932
848
426
474
337
978
188
358
395
971
903
737
532
595
793
129
715
348
310
54
889
544
136
182
602
86
750
149
219
57
511
351
618
418
172
846
359
673
773
276
818
251
287
241
746
823
4
873
675
360
73
673
180
657
387
536
934
516
220
266
731
740
439
826
893
421
1
763
254
40
82
653
291
478
268
306
625
110
631
766
856
809
695
35
155
978
747
481
78
77
748
786
501
497
667
955
274
56
53
327
933
119
774
466
41
424
825
86
297
36
46
195
883
441
301
454
807
316
597
531
625
544
952
628
451
883
834
228
521
796
430
573
740
815
22
91
896
464
867
288
757
49
653
79
917
738
223
319
410
189
473
382
109
739
136
345
311
229
748
934
211
606
505
734
666
720
701
576
373
242
247
905
861
993
271
182
440
907
814
530
741
50
731
485
479
132
980
494
384
704
791
59
625
131
385
743
742
221
649
836
317
92
706
643
413
486
488
284
798
512
989
504
712
847
17
427
26
470
365
382
612
23
38
256
449
577
461
146
344
501
505
278
858
252
928
696
225
18
585
343
649
365
8
966
8
324
419
35
290
796
969
195
105
615
286
263
307
545
762
711
898
365
35
165
103
186
912
417
689
57
457
132
105
671
175
819
154
438
20
29
285
79
1000
258
978
94
333
795
534
133
550
54
687
403
580
434
292
799
247
5
198
678
60
684
278
913
701
734
578
17
777
412
31
941
564
794
128
530
400
87
509
418
96
370
506
380
841
327
885
67
331
64
632
973
693
442
104
102
32
549
183
291
284
52
478
863
895
13
811
203
441
149
277
867
243
181
992
122
80
4
78
24
964
436
330
535
496
461
337
265
761
289
158
439
124
941
182
790
13
401
84
600
856
41
993
463
383
827
16
173
179
111
156
257
637
960
890
563
750
499
292
369
98
222
548
405
987
536
135
488
712
429
62
899
893
168
530
636
267
636
965
91
162
949
847
298
836
137
203
631
550
319
696
426
37
30
286
144
930
819
707
973
297
782
61
380
893
718
535
397
548
123
791
223
958
184
103
968
173
578
792
449
155
633
305
731
219
940
57
184
674
740
390
48
784
154
281
878
264
539
493
93
168
816
343
432
322
530
243
415
96
225
606
871
426
583
931
180
844
641
482
67
619
19
257
398
656
71
278
917
603
425
61
71
179
244
855
401
174
389
188
59
447
683
788
603
830
766
804
813
962
874
387
932
999
344
769
881
907
948
877
315
103
925
89
816
28
407
901
550
970
644
59
213
359
746
985
231
149
761
855
512
380
981
154
428
860
333
337
284
772
348
310
78
791
234
36
701
578
651
239
541
257
784
392
611
885
618
603
469
897
78
838
347
5
293
230
989
214
371
128
936
659
456
372
138
271
702
915
457
375
248
229
58
771
306
106
214
665
526
442
900
478
756
995
502
24
352
700
543
264
468
558
975
393
131
426
939
561
394
988
270
253
515
909
305
784
535
935
101
264
353
654
401
449
677
336
163
757
804
316
709
216
164
200
895
816
502
327
538
157
947
12
87
670
737
11
987
775
845
739
683
253
416
795
413
419
196
576
767
596
744
655
307
964
641
625
386
275
858
209
191
403
532
345
897
460
664
809
925
654
396
930
164
54
48
996
97
654
321
408
499
29
26
106
79
603
263
108
620
909
652
54
802
106
997
469
343
335
225
317
468
890
808
729
944
74
414
1
550
916
409
688
606
238
687
942
508
906
395
661
644
668
930
185
349
406
24
22
184
896
945
31
996
436
392
869
502
727
897
193
311
331
441
249
71
285
641
857
911
226
937
496
294
581
783
876
413
302
145
287
127
272
370
23
263
753
22
125
400
783
929
124
386
948
931
175
795
496
424
337
3
706
242
823
758
724
598
270
113
924
187
634
269
455
115
531
413
233
913
327
814
198
748
73
772
261
689
621
94
872
953
112
91
469
108
827
378
391
301
737
319
735
27
579
699
217
91
765
750
663
126
639
232
456
526
738
91
544
309
784
38
741
236
190
455
392
997
123
984
699
242
551
154
465
214
83
570
93
891
5
863
705
960
705
283
201
986
926
580
21
424
40
410
831
827
351
566
206
592
903
592
794
567
804
28
745
759
149
180
204
887
61
726
898
494
950
174
287
606
669
132
220
483
704
959
10
413
43
971
969
429
14
264
989
478
129
203
522
497
549
473
747
453
527
321
786
165
143
978
328
406
38
338
135
438
786
716
756
62
730
507
508
392
886
753
595
120
989
256
195
582
815
373
565
948
223
905
82
375
426
777
676
309
73
303
361
934
322
167
871
809
215
646
980
453
277
117
677
669
383
663
682
596
554
182
809
587
319
715
37
130
596
272
624
211
171
851
155
270
312
300
677
423
460
792
127
385
298
122
364
63
493
776
225
856
847
843
232
437
679
20
915
203
95
705
957
706
400
338
372
136
481
883
570
969
26
308
934
141
954
765
575
861
627
934
249
313
371
282
294
451
49
373
106
984
717
960
304
310
802
438
360
97
68
807
478
860
578
240
719
857
593
539
43
754
570
678
201
138
372
728
59
286
165
712
184
285
285
197
440
334
134
48
28
469
399
111
87
740
790
670
61
389
237
742
821
806
491
363
930
649
988
379
867
962
606
83
235
293
921
633
343
655
792
230
427
231
185
549
176
799
199
478
100
935
383
697
16
389
929
909
984
611
137
316
211
520
850
210
46
323
659
867
151
694
155
735
271
736
598
194
910
584
802
969
417
197
272
111
903
294
582
961
711
172
3
389
46
322
525
989
14
856
111
574
879
175
523
901
845
417
981
400
87
829
883
791
524
866
640
981
855
372
711
327
665
252
398
355
404
110
649
681
405
140
69
503
277
436
935
19
711
193
512
610
612
200
714
899
661
233
475
838
32
433
816
991
213
633
755
752
904
923
495
938
631
490
848
661
19
515
136
54
819
461
122
432
81
279
723
160
252
751
509
942
813
100
112
806
850
214
675
126
936
408
503
952
195
523
15
312
802
270
53
396
537
237
404
797
769
708
331
877
240
899
843
651
112
791
960
859
98
681
777
365
7
783
456
433
888
105
684
428
848
973
101
681
639
694
771
359
319
867
826
464
665
798
939
452
259
988
689
444
976
682
779
223
40
154
844
263
680
983
281
720
743
504
976
19
199
507
288
407
454
646
355
730
663
929
729
123
853
459
846
292
25
673
950
256
353
338
50
998
241
158
805
506
553
863
849
125
281
161
809
518
470
512
714
165
437
743
448
79
858
360
905
314
906
211
738
209
307
404
24
210
416
53
943
96
196
425
537
768
868
549
369
282
717
366
610
175
452
930
979
949
225
856
16
307
955
99
719
991
543
903
469
571
102
804
5
258
191
752
573
955
872
568
945
588
805
270
482
485
181
515
814
527
618
289
296
295
226
738
732
960
938
779
247
934
880
925
973
396
96
859
767
351
565
193
212
959
742
950
201
167
383
68
110
946
236
29
16
938
267
525
792
790
495
68
999
403
814
1000
136
307
557
413
766
249
5
243
205
647
547
791
405
592
659
731
102
429
519
514
283
560
309
625
649
64
764
338
34
548
987
930
877
523
327
171
139
619
519
318
384
479
910
250
726
393
639
389
651
643
112
405
421
576
18
229
125
864
51
433
52
512
146
443
49
643
109
760
904
731
811
253
778
884
85
285
820
685
601
74
738
183
684
543
784
496
565
812
341
912
472
554
63
825
279
378
934
12
899
170
770
211
242
869
338
15
175
917
392
351
861
359
121
992
854
369
559
813
470
641
152
190
228
505
859
112
203
153
706
527
829
239
275
681
629
274
258
262
855
139
126
483
883
556
548
513
979
716
356
190
402
842
485
742
741
527
210
614
917
205
529
963
571
801
900
927
79
176
87
486
643
886
26
243
959
253
744
45
422
288
987
994
568
89
977
749
881
464
515
639
715
192
464
204
405
671
165
629
326
355
694
378
259
104
350
574
682
337
56
840
356
568
801
215
493
528
86
450
339
982
855
430
239
121
380
456
265
15
601
318
387
313
345
736
656
678
808
739
67
632
196
680
722
419
423
234
978
8
132
188
56
546
517
722
469
994
450
639
717
610
250
149
320
798
907
257
740
376
907
766
132
676
515
814
999
904
265
374
485
162
42
340
61
964
767
306
185
452
796
440
766
114
367
508
584
710
526
188
54
119
137
431
797
93
37
808
76
990
288
706
606
958
586
467
354
448
223
637
889
885
586
526
774
198
320
346
543
203
187
791
980
936
86
220
826
424
292
622
118
715
45
475
926
214
204
582
665
547
624
57
268
993
303
329
597
104
635
565
681
332
408
219
892
206
148
669
933
866
708
602
106
300
93
91
394
848
337
992
742
841
954
293
100
626
110
964
248
558
290
99
400
418
128
652
880
697
734
751
655
870
221
524
119
363
179
805
618
305
111
279
174
489
538
28
434
835
258
293
411
309
243
643
910
759
937
857
25
9
944
577
706
88
412
65
820
475
534
559
590
438
302
573
231
446
514
446
825
276
366
852
677
795
692
302
711
372
423
823
502
338
366
752
582
220
407
735
723
356
896
176
973
385
102
435
543
895
183
693
117
449
602
895
514
212
75
973
323
693
502
268
676
758
249
342
384
291
849
388
731
861
474
318
134
975
867
943
535
234
714
96
333
262
102
539
223
973
854
510
625
152
668
84
266
774
550
694
583
548
762
387
983
876
430
443
841
528
822
207
858
588
309
21
98
961
115
851
70
85
574
801
328
355
684
940
727
498
319
294
903
952
83
73
332
757
929
202
467
148
217
515
212
411
38
822
944
315
353
231
179
693
635
211
580
281
782
714
833
768
384
443
436
90
987
193
289
222
869
730
514
500
226
337
745
236
242
163
89
697
280
460
753
249
812
349
784
247
126
309
887
429
114
109
68
723
574
250
332
126
624
535
274
363
108
745
884
338
891
443
558
304
445
237
790
239
763
829
459
820
674
844
110
393
11
727
686
454
439
135
743
913
69
681
759
357
307
733
241
660
655
128
193
960
638
732
553
904
661
559
938
496
779
564
143
872
86
46
420
727
325
636
867
938
988
844
266
911
906
517
692
450
46
907
610
752
543
275
155
455
873
965
437
875
283
679
835
620
282
177
894
234
489
485
81
416
563
221
548
392
416
277
587
405
643
859
21
249
690
422
281
299
357
374
529
200
949
721
84
800
970
946
976
849
436
619
167
676
397
943
468
600
226
301
338
704
418
126
61
175
249
549
784
738
937
188
866
435
438
839
237
571
416
605
737
106
682
654
806
226
720
97
554
557
695
37
466
759
910
536
970
446
452
384
338
625
753
162
42
363
130
56
532
393
59
892
913
554
40
567
999
774
347
730
178
207
191
983
756
575
837
311
112
5
694
374
905
79
505
395
810
113
2
957
645
961
88
869
146
268
646
644
247
32
64
27
329
403
116
952
594
168
905
431
66
100
245
400
348
207
678
140
585
588
485
404
219
168
967
96
623
269
701
583
509
647
759
886
585
277
965
85
706
868
654
137
63
179
49
943
371
732
869
814
487
56
17
620
118
186
482
817
725
27
837
353
318
293
699
832
662
804
252
580
295
598
53
773
610
69
481
363
878
830
337
139
165
574
382
519
416
886
283
133
182
205
930
326
141
133
520
301
683
773
452
822
966
966
313
76
943
831
121
890
704
395
978
175
79
866
95
81
63
280
210
436
310
328
339
572
620
521
332
485
343
560
377
519
705
345
262
283
9
728
-1
