4
8375890051907503068
2307190355909161771
1640959358131911202
3684543725995447495
9129391632341103311
8254965522272625600
7037418166497892095
6922978739373494405
2149342933284638807
7416151388422801470
6442390248705518913
1502206392631611180
644669304882620120
7484462692413365127
3327772572779275797
4523578312820597585
6645939699086210970
2530237271204275314
6704613632152296615
7283810867370957613
3456607838418736546
7060522971554840761
3683060907373926367
6655348560203594760
3643426507988898037
2178543371144013061
5002348739430137730
5188675202573657622
1329695051509404593
703109881704957168
3166807092928236898
8232158702219979521
904831378434742901
6822119567460181220
8629239955767945174
8416740498802128949
3113695250564849478
6706995664909473242
388824825066915757
4816535464282996519
3642545510239782274
6078640911477516202
9212925583526153046
747301223583325031
2467543032599589007
435896362340031270
4703631656050827719
3642559950103586525
4059042172978518062
224714712394257755
2476956654112476913
1577243814717503379
8020429628857719898
6989824475837350029
2492662284758865882
6409387171260293095
7105912649223313258
8695194659584054355
398402071787238011
2984331972014864430
4516857821648335439
2394645501136742706
9144089519977888533
5143978555306877416
4701560803634785770
8890483531653364876
7504331880658076306
5470955556325240518
4080724662792197693
4831988635273351816
2521041350821925827
4315829933165080277
5955256679982999208
6929129008602720557
1620778868971758257
3637586221975920356
2002533262969693013
8223031118117414665
6259512112656589955
9025133259447139802
8998571881653877443
5983331871353068678
9173167807672664329
154734013188759000
2267586890471321125
2869515949850034293
4752077761346285311
4801260608597657302
3318365480938105939
1388654484767854375
4439897725631393014
793751386552027312
4827296458646580727
8814078955260975486
2990612228269347520
3752813564975085882
6776595452109999262
7541979517817919196
193913292835853018
4842863182823196604
5944741310494645892
4464395650087161246
7272283423300636610
2305548592616923998
5544923419992671098
4516375592388297532
7991142805049997079
8139508408789658234
5224485849071389844
8022059367714021394
5508196893820444340
5427967168903502490
829709616228198947
4003195979625597168
5960576728528015130
8426623586140435192
5590553519306370069
3578840805247058004
7729938785379203743
7741523675542609872
625937227671100167
6967677574698740205
5969135023313848519
5026651390081459701
6489485005920878621
8181760532217310592
4850566215128932653
8255647829303033533
1519162247840701795
7682303706409030669
2647071930151285522
3633742909739919708
4519088646860054058
3546562684481209666
8294463247162285887
1004164865264779664
6494024020119282993
7508797769227955539
2714050124824811776
1958489967539568347
1274220031148068232
3724923374875722446
2997116684079653808
1161020584527827
2711249684128841799
985629108152842596
6991131771121637210
1527521835743413413
6124954348611187836
2676888477645418361
7346093962201752322
8528894915037357982
1291776248120299250
3826502198582561994
4293107462996616122
6290436537665720417
1609115477016342147
2106025035750803672
8686191186779708098
438196853661711506
7105789489429755496
1124695532785273919
522840224410695395
9086158198284049140
83245877148550723
5747991175617028660
7832981514329339365
7228016586975929096
4530515315085103949
5859590980524822058
326441329559101834
5632172342614867425
5030700148139095574
2211298543376701128
7936666840079472016
7300781110719358320
8570281083561519779
3532799427993690571
5773300078695428571
482446750608220197
4316853975853748841
3197437034918291546
6414504782336076029
1920733733692066808
1779591674727728996
8851629934656710962
6160077133497683513
6314543735134709169
8098910797491886542
2392619064977867782
2636847152399080485
5367476767950796129
6574033692578917517
5872279524199876196
8646931265963147714
4368369956428762798
269576570357927279
6111030982502474960
2685277465315046412
1299020963730470531
8800735196889864397
6356414459461315927
5733960555151512177
4715707741074271792
2772213901417980497
4597080748842980040
2909497548118794904
3059763705882582368
4515805540718229917
192271283715042623
3086256831431781639
1405546568541792726
4036181599789048674
1002007081685501345
6103236199566945351
6424415615749646483
4607428789066552239
6120860363756466429
5207377156686321907
8130012963748857353
1638018035982773732
8064359130742681960
5597707534727608304
5618806166275469022
8925171993039362035
1667843257724633144
4259267614537276858
3341320072315860169
6311532954871012395
7510723626117612421
2062212359042465981
6095140435261489323
9050809340802446198
7742500927976897009
7221808064147699545
1552704916526354607
7362246086897636602
4442039469531960504
4848241427896582147
4778542018961320307
7630956537698711381
1163124656112898986
2023657739264843842
5040997354890745667
7193167738011676295
3218477002233928873
6308334068543873211
1838461368076706894
399280832036072124
520683445908370792
1917091010979805841
1931272291871681243
117243131530563882
2684474730849182889
3854945059703781525
5220293469783139516
1858831971788689802
4080810236635617185
6520961652333225051
97665083407287175
3750360337792840087
3393214869334101902
2540531579037790229
6975398600910460480
973015019288912433
5691903741923246967
1135904957678988136
4994925742025322523
2161896601330964063
1050703125556516615
119623927824270241
5097325958085162998
4149174657177447974
7831420348574403988
6960135523881196593
3099920867824646836
281005842563090057
4115452774459951315
4165966422431429684
6480221632508437909
5749871370339445897
8311633501745526108
5414390308203401536
1902882278877540066
5982210048069999111
5123080201109704264
5357946392867305141
8557978872624184964
2497532906917511423
8413241220485873174
2710698793331655307
6958850524703686977
6743661617782805490
4257416511635436372
351847155319696989
3141313792184818313
8624922988603515394
7172840117872024100
7724208819073388704
7660806230508211196
2364229282497056902
8221385080245754852
5728394008335746292
166974068898201944
3141678252716962670
8253203939911834104
3023246249856530150
1202736346883136981
1715453767516887821
114340398504117171
3500891409120108144
3087021222527084391
2589714092699118139
7782895491838375612
6449124427821349195
3125969536346221065
9183743487251084979
5767281137865133518
3440261109066719369
5391585351574979599
7052718206106074371
7256165083101325969
473655976991844082
5072493669555784597
3515266650696355990
7671826012929034507
1022924393688960370
4618032403592660508
5184633105786845855
5494385071232222612
8726171043457657889
4743393995409735548
3771794282456880037
8845608402231501260
1547303261160822236
3504662141303975600
2627488130974661443
924736306704780536
8545263672348087498
7065732341057339156
2511982703861371792
4146453399869397341
9150784363315639243
4873561911801450850
3184162888782140589
6531041065993680552
75564672544759520
1947846845806662984
8579130687033998088
7688121688268906372
7254042946783443545
8898384546841172082
350897670523859485
6365658251181704143
1895176822998214344
1466648781010739825
5173185468428059153
8687291661922819869
2173230361786435412
5276495513428902057
4458175837172665642
2573994417647953161
3108468768269143538
1142557751494612391
4758556527665273254
3736206168020519223
3140877552186607831
8752016324956291388
6303940871149603509
953222335243686441
5206136851727780518
8428310432877423388
1715196846088814351
8000625354323635100
4906870987777537843
8922605778338013793
3433985414513585019
407797991318271639
1617427767592948369
7563066988468211534
3952947311172997299
8022416016968440823
1024633025424045216
8227324105409631393
3160150555141947144
4374653543689636069
7071681258848099834
6634256599541900956
4052208192071564802
7318533269321743735
778707277088775305
3305775348238991189
910550510594510640
7111004277755630368
7769102398973932341
2847046757315437703
8322147765432619240
4130968228243548560
7020411887589502264
3383671848884796729
5637066950711670555
4275581496874858729
108476444196818974
388021523687574465
4948482896262570474
2487163543645834695
3906208153096613469
4296327217234996879
3757989272496747605
6093410873337527101
6384260303629365625
2884336664245949454
8785144181161277870
7288557684803779869
1377595586267018510
8020102968156169431
3481137062439079676
3024805501112403381
6966988086757538544
6421868555620082122
7442014668612794103
2563645026545086147
7324720873164213467
4612442490639228121
909416293297452162
7669025579438596569
1969740071915882245
5015369450426452434
6468241041693540998
4066422932193235613
8703237204820011769
5095320831112204625
4041939374134458711
6285374081499589892
4793225917110932332
3668145313338030092
7634997199274027767
3537986209004330254
7478386327587932341
7266904226162510743
3448579076435506702
8656377799074594612
4497175056565013584
3570954724485332910
7719491802144524082
4007676963130279368
5193746744656482100
3564859497863967081
5993468792060930366
4170130017869294923
7406868239612406203
6380295587341848445
1610130525047407162
5251171061417780503
4948496893990137679
5100900027067795702
4132651997680388583
133216098851297642
1410743620063293587
751276908455995706
7945746395395677415
6320966973957003273
8786229064615375323
1461505127305238990
4254134224860857131
4010958425673058045
2195646644609157600
8739444932231733277
4184172967288319350
5630743478572704579
2328860177101708604
4772445008893249605
2079379967385379173
2413125427118125195
6786849868707588420
8566773454817925016
4843848553125256260
6325793336472861535
3143142293281501316
1759829040460989472
8225736363966711588
7672754144802178645
4114757593360258656
4045842453339721796
2734935573245426425
205035782390944166
288088089292581287
7161560424640407894
5330455244200623676
6546607703155656628
7976684793257151684
3176355019288959757
5121361399511194235
2634561796990265609
661608417670965472
3774750721953110775
7213665476432024281
377123324505569817
3062070136171037854
7955636767231083504
6256487788365582581
4642422892689655392
5492584144255586666
4984316731968946182
6733485426917929430
7618124384041920389
3985029863837527249
8621620424687349422
4046288262091978614
4505808950292568801
5419389173638230733
4065369798239161291
1205726918064659069
4860117215571668277
2657526038193375413
885654026526111196
3823794744446016417
2210531995638820288
2298329756824422186
2004063005433672647
8117526966837162958
8569017452394054265
9036029240596035201
2879689488870701732
878933387847465318
5014982505052616339
6089496016024940565
8979692083340501998
3473533199736634771
1430186793558017743
3117075451442376618
4774372148979667406
573077191707383408
3866529723817938403
6893427580588958140
2541092034237636928
5853981046117354638
4114535700084744086
4479439484452039075
1068318621971597864
7302868486259404336
1124353419193733684
5818590560197020334
6661903656819057770
4593759674282263906
3008969606721992099
4662819272552828501
7207451759139399002
4511652124306569075
2443501909110745489
5142032924415054851
9083665442031857513
6141703695089337219
6933840678956098888
8915926276001458170
4127295077548254893
2160631899753534264
1997325887920007275
1341716155971966166
8733867237967569283
3610087947731585337
416879497701285665
4928840812078383559
846207155804716135
5703405962426607945
3753627361822823784
5789758005838810731
2642731979160946531
8597653717345076371
3781668325640716125
8971570466718164568
4495342214361195332
2439993945052183648
4426898135454443859
7971752829260480670
4820344405145320171
5382488530743390059
9171456088679611508
5756300775608668210
2876300235540728849
1716580729248563656
727466828263480381
8100995475516321082
6104646516049419691
7598286170414543419
8659349558956234210
7164687301803215272
8508009398260622833
2147640897685060261
5866269187874721519
5562150782840538534
2452217851363989814
6540848469082490468
6556214364269097799
6959462423674148463
966289564535677215
2839023216099948865
8571361304074461669
3838493853171716954
6383637216850382419
7010463955604606943
8552033720415826741
1721905826206693975
2675843981464976321
5905128697752267382
3322291072441827982
6591979586837911935
6193705311092156628
6836253487371896415
8962704135388229369
3686246620795167246
5427238939153465579
1658610723553999842
9372687718258730
2818552250937719116
7787078204473200019
6525920689101171800
7902229619269417570
7577572636945423851
4122514232884643271
7557684698990203510
3455150395110441782
4084759868389006521
9081529616153948860
3399040011409884145
7872204880066154755
336111801138201003
288542173337460660
8440757860234209284
4099948230910548093
5626124038815521537
9027193584902042779
2138173092678053044
267350434077342218
2536140544773489292
3127779195765187680
597132139002941340
447559100133867152
5244643119961247992
6521835637303868472
6197909980611384543
5297545235849905203
5865253029942367691
415571265436671160
5180074917314275194
6936538441475944570
3713005601310953829
3364097362940708210
7037185054748418510
8049268350457654751
9207971114625288789
6475393186643684746
1464049274840488129
7089699351021146262
6042087057889243469
148888905227869923
2937883776368059134
1079544049699520354
6097739352941876076
3532675216337303988
808774747724291766
7938510442406186729
122842628013675629
3837367412600313027
7307804610691763171
6492408164306055830
5220384380884233632
457478834729347371
1628422667257929230
9194579512316933778
1141853003519666990
2961816369983810103
5901273151000474871
4044309875596995117
789147286699087456
8344545864574728244
8363786600710912926
649017309419475463
2737942855108073985
1053084661937242764
8669682597200170424
7812373367314950896
5620061122730234066
153616105325741085
2981307746350806985
8994413837493609751
1478938698583618763
8026555002305731525
3807433635976341393
7671937002235976509
7507695170089689894
517264927379205106
6359255992120282680
8246812766969801668
1834828653368004334
2069051968163707229
4881319655210501760
4885768121227024890
1767523649407131285
7846133382315710823
6625181332060045935
2357913148194646393
5319394240278446012
5994675791093097598
1990395656515495094
2763038651596765975
4218959949582787256
4436395793191536598
8263718028640166204
5985109435439866667
2964656482424339604
7355720908981471241
2965180977608604930
7888793962783736100
2272404733550039265
6080272602093390249
4330654101883376301
3012529305319944692
8179293559405477230
7774280425364638709
1928186920423516157
2266809598726273478
9044662764175994751
2927048499771048847
3252705217096271416
2662037844232732264
1309658535685189536
1109183688236268549
8015040184054831243
8336675985321529023
2022569087253723180
7877934141151467480
206844391157048149
671815846191578493
606710113846129329
5600358331168534409
2986471973347524510
4481784191700653381
2661534335052669176
8888889244391320613
5785462360558248450
8754481849634780902
2423079718204600083
3415708717378204123
2179089632416031368
2195580734966632745
2501831505093810602
4004114273943780126
7238365442274832444
9026637412398471140
405227729550154520
3402779310988429796
2034639073530534990
6007703211328239577
818513235401249128
9134746051620646905
5406018813570575224
1600819238465233438
4605074078800245950
3758897519553440397
5234547648209220244
516935091398835205
1826509541782338550
5025766312057439928
7911587605302037101
2123517172196725772
4575990562917807289
3763325930786765148
6576627215453217712
3516753738608066351
1074704534861067539
5278362605967365904
5873633543369565876
1498700780644631080
7072598522263690443
911490238909703023
5024815913862846337
83654179377751935
2798315819510094825
5772336710720336576
7135494373037941217
600564664931096874
1220547381912913825
6187626883461664979
6773167418346389436
2588714978514327235
8498367706596541704
1881729164009377512
3449503804663993854
874763958370181421
8816150138246440947
3768071396173322240
639629156565768798
9106743617075945831
6831040243279901470
3832940112452049895
8727896419977434177
8086712071914722847
7935474490146419691
7826757694565563054
3351853771800358768
2129986333602909956
3141095422508835191
3025161474133449234
1126274663350631630
7507539994128078692
5244985872229690805
7107920222738846628
4256153097956800971
5691477243060345490
7954504449509048828
2266885642473296252
5899167565966217396
6489304457127345998
7210760406142801621
6010702878799602402
2540380111527823722
2215004065438374497
5388231400033098544
8470047566618237680
9185604570264287538
8010416659199878618
855152288859645246
6705709602113044741
5792504088826000295
3283742566549947886
2291713048684542211
6448682073540422810
8558216339784882643
709794224246743074
8086741454208209163
7355297704615786799
4907853506679289134
2398397960223735303
6722881472704972412
6469897310724836465
67212858136085598
2218882273748573278
8086648916662677185
3268786441436575230
3923559354264380908
2955942304433155762
8273298868344539179
4651068787084871470
3377611856663689232
3462750567078974302
5142138744851209465
6053978814972722863
2129663275260119622
6494955471001274702
6903001218830536642
6296846797115348992
8196985137227995636
8444316725388658060
535822908667783123
2844392718588940813
1115666494229115901
9206288355879904477
694553896935158312
3667908240054774751
6971458435304854751
8102302407887950563
1961754562327240478
6892058316144348026
2555490732886820076
5298384556787944957
6286671369618567689
5984816123903363928
7939689221579985064
5550192811432097608
3759802743785362305
8131451999732579420
7036623247349093444
6421353733298770703
3262736936209882930
2403560606809695018
3638486554829165646
7632211208849675269
915265438848352364
820049490231084750
7252440700315328757
3510157621374421594
2965199840113357811
8100494649863132561
8846178535554017444
2092886605535686449
59765580378065597
7781218940978636319
1275359821271904987
8184194024603702205
1283197249463105350
8016701246347213521
6183850762819214184
745291243312130689
7157285449668744997
3386955982776706173
4399578002932420598
5301701868685371869
8799340880603872384
2137468004448807085
759388047802655869
6203632726373099160
8564610451909900221
8663426554503308311
5804263279010507630
4476042809069782868
1282642632079764095
5099281369224532581
6843519917368512824
175996086274824760
4291062945513144279
5757368302283670968
1574530550371016365
1331417739995457278
6274844911011325411
2915744580268417811
4702325733928920959
8706851284367475329
5406126394510399626
8373707467021167946
2919679597825567399
1218198669471465883
5526767570315316000
1528943098458438584
7720464985452414523
9064164836032142912
8205168745915214128
1071249632585505311
8524211226444332166
4675476355658315783
2507684257307727916
5437242222042553676
891327994429429614
6258512236028005880
7364321374146086321
6179452361397364266
5752115413846775984
7422098113001432256
2654410227106429136
714269147208599141
7545806096860596726
3232355122787337093
4070613727375940288
3880888857348154734
7025189696210432947
8716298692474399926
7938659533697777434
832465675821151957
3929362538774979651
5053584285414681800
537754333594662987
6130875643038283007
7501045745078950648
1351346547718064946
4504560529261963837
1515130349189932846
288850895227703192
6858006921949806923
2116370010261450102
2266610842217346716
7571468153044248756
5239057081921680559
2227564601877614755
6603006026319118505
5646107751307190308
2377421159857171829
4341761040746898234
7806223107040498941
2596577682673804571
2634027961219009563
4466144010618582806
174707547365175980
6585518021995982436
1970372739769643628
4103249081774563905
6578943521279537547
4802830418655955981
5277288097245078882
774301939998127759
2191461154620561438
7198542003657557710
2277487149296667444
1090226137990502687
4594183204888912825
125411698249703524
1457427958536596254
8019573859635500060
7344044052876833844
1849186621993552332
6242498837430010205
6925419613885344059
4078368114094194975
2946749256685408125
4840109394898063140
2907453950456404166
5834853262905091810
4267855042543863777
6790621998689512810
4356896452161417572
5796495430646130129
7844311991692851936
647124138107908484
2985870500724209434
6020956775499996011
3052675386804703146
3332858598647041947
3676295518038260240
4345425221360639579
6627506162569391573
6027564575277397321
4590684860199116405
1301218575856809806
1046100245864658752
1595010007916803220
6841659278426754087
2524169676911602729
2604761797542730917
6388631473582939116
9203632575919827266
3189184794113672813
2665627661422099070
3900048862272656496
2289545673957274951
8842833195910822228
4015987748498663752
2055877160186095869
4399610998710602039
464588282537206350
2290783028106723949
5567312462906134096
6440880685932045864
8002306436370737501
6671033186171528830
3104298013434170462
4915894245167794129
4741956335983711825
3463448897582016723
4926255985259487103
6805586858080370285
6218411546823248482
695844384049530236
6555881883178283843
6078176731099742679
2897729720111249303
1932697152900689574
1316674603707818644
5002037079088580258
1373699393798731939
8846317224979828597
3680887879836423464
8581912530075885288
4355673956941270099
8913076433539327167
4999731200558850334
3275631238138192988
4943964350064272961
4367881864591995142
5036429620400395531
4376028173391688694
2764081377727444018
5150392738298823831
494494314640402476
7283864187162676367
1314518847136469021
897600659419671577
359221261856970693
2292615984920506230
4226848353839250102
2931663344870468139
5163679746173754044
8207690342123681696
6033911566359049699
7208020325090430842
2409438843194803002
498598277598738034
7168554708838897060
1356705409284407915
9099736259279801834
8054195388816861955
2145820195841565013
1813610518931037707
828660492729464331
3013890723062525216
4846198185583830666
3267531166545086079
5335510062687921282
2770859146363478095
8407089869186171278
8862901676719422258
8802095431994192047
149283218668010958
6519591260403376851
4202464206618323636
4708448332957535700
1768196060296706946
2816496565769537258
60986907594644301
1359069615321073740
3213900648252292896
8623670695181180716
3231517427510725628
5884495601017834526
6318291824638174592
7444224291061506245
7780469811688735577
421723898100802692
5403352440268021408
3951267424404363096
8492296223382337997
4021150958915129198
292831418893523523
1133337486030530750
8681517886372499845
721212228776405360
1173900019795650918
2030552403825175953
4421123191235259953
452045844922431291
2496666485359102076
8681247784226585488
8822588293544757425
4917238078193700908
7282845452138597195
2416591280176198632
6566646958169147290
932518872270134349
1320251588647984263
4515637881868791919
250658802740723801
1844614061591991311
3491195316577032157
4015347913122800755
3042290034632986716
3351718694078120854
5905073613810361390
2297793317666880682
4726523198412709039
8826473858878088772
3083217749738232564
7264831779137305258
5704654122297542110
3634858834297844218
8518352042247162521
1699678509977163750
853994638328032876
3534238901149253027
3892682728174772778
1983078698708036307
3192449795669215441
6726735617894555786
4007458480186851181
3891138199178418644
5366113259505167393
6406856639479259791
2960556857492064402
4201891880010627954
2828953318598131034
8501482306317162471
3032003198651384768
9112805165127944607
7986123997435364103
4546467000033411955
3316116255576166844
7374174968246922401
4655202418479721926
8570092713734973248
364123952716831735
1490437561454956925
6203845434223319735
4066178487102659524
8948078829041559664
3453885425637037558
4275350826992951189
5551084356532761031
1744159968377475501
9118342389729970864
6284719061538863699
6321478297043285797
1687525640516004851
1147543290459842144
4572989060603256012
1502767462311917756
3487418369466936378
5931645045076715773
812124435616538188
6714538320732442513
3480769732617435347
4198471326459719015
7427209836307531264
8784940181875050576
5010259606916713128
193267041155944820
2796034886257171844
2832763837811077613
821690522631829568
7232495116067875660
7215646337092669195
2582131212851680864
3106596629239194493
4506166955338043897
5155739940257451631
7984145640529384808
9016411272147988774
5539868097001095494
8642766171805813030
3282205721642194467
7600865737983992613
8337279947219360528
3548807581851440605
5281168977187600642
271644527014184309
4529728933916928152
7057085293906260547
8532864848118880053
1991209005079726247
8478662851171982762
6723837705177221108
4809586830315410077
7279974282513485451
7361851441963710959
949168734055806166
2927860093093474711
4965908265389264576
1191515335507487557
6856652393168915515
267749419555467033
2938126726922094362
5072487850236618361
4003884908765522289
3680500662096961865
7770821170333213748
2101095756722480271
8393074438155213276
8853731124253176186
1101259458869979600
3877199670657195058
6110274725476711760
2256911803080236804
3043841720651685729
6254974351404369737
4018128600363495567
8280623722946058072
8342948644548645145
1717430872459518416
6764756404217516964
1514216478980128885
7443487686563724263
6963850287020131691
477072173817839952
8685227677081693278
7930849633516881690
1340787625009572438
3750413834090055147
299745760994629772
40958954711933837
6015494932027731149
5880085238602096612
3667988210022699217
1397201668055049374
4223261912134686378
3681377097841415791
8248005882055551698
4838510964988106026
7060765257445417297
3751183408299591326
2872862497447869804
6912504299930319800
3981739977267571630
6098204751299536103
1518190800432023188
3794426929942881208
8565789507783619732
2348428477930538435
3142457374799767698
3918819433730249690
9030800643501913675
5505985099790288563
7042159442443462639
8571710711463253866
6245975609214484560
7940179790860857547
7004811493779111742
7436098867632218497
3943259997473259200
456080169878246728
1239599790139789175
3705547162074063932
8278069217463526152
7669443146545623059
8690889734144365133
3476264677128312961
4966345402793120402
2368814180443946511
5912857946868626607
7377645693986386134
1021507470956321779
7994396580666920339
5506948705053045996
4174954437263008585
7811391992359098166
6658962581818956699
2572617051463953772
3638731138229959448
7279814670606357883
8614974870534782730
6631373392991375346
3756227166715894764
4951434754666704078
6419054146371124672
8244055344043191544
1683906983914682762
1001474981056817233
1551375678289807932
496837203697566880
1869987651802991463
4475035044167099358
1541216628819911730
3400595396481262223
3844535062717596116
6985159226203002841
301283382338113853
1883041668520697225
6367888762308285683
7698413439404241116
5947928708754679174
3799914043629010063
3520489454833902330
1590119919828002197
1069126822153569564
3310728559024257333
2702763808420734206
4139224412649940215
9180529402577051835
5286436038860281628
3451239846602851908
8196693800488698308
4855316929684597759
2402524047202123840
1962508195532860753
7526731012787332560
6576449194579896868
6505293711879505600
56131740481132531
965391340635163524
6732810132964133340
7532452630185662145
5295849576045872656
8787566881201031196
6768295638040024002
5723904143761400074
2704158251680139654
6009603223740213515
8464747901532269995
5085127417225712644
4810118613544597204
3798222703013185184
7990024505061706002
5807032556105243421
4621785936855058790
6793143723891483404
5056168232141281489
9086964300335200178
6822350098672046373
5031255647876871256
3707149514064965273
1183685213334642691
8213887263639010758
5988485822058427799
4972597369174764422
57319342782114002
1476025323481157452
3783392758154455033
8938717424871896774
6103966539167157021
7456053190610515060
4678035615096719938
1010129141982184368
1398057289306163038
7589810088818791838
3424695194626397439
3173415902556381150
1427059509686528388
4704387409593524412
3287850964393608587
1670814178743604954
7087270928242441923
3442559302421482060
5127247849416249289
1446963840842508092
5758180400517521450
8002649828579368982
2518059987526291060
9175442414241081757
8937554816156426958
675959431979379532
4295712798312642842
635788901075056553
6003521128352022501
8648744028575216672
9168114440610817863
6794069057349114660
8474704671264343204
289951226020001768
6952877298400327281
851348090208338429
2421096953937433227
2049377401600802907
6907605725911014493
6880315981440021088
3892444401236541398
3973746685799878392
4896297034977138596
177840269781507858
7401707116214157788
7328043029307116442
7662910714277953134
7121890240269855126
6739329822097665330
8224226859497412024
5117832979434095141
4037563459387064852
7383679731898956362
3791620561827851093
6300611739471006279
4214050374308249032
8058400840884457866
7594347264385956482
6335197821860725305
3540388825374015116
3616243569191727680
1295101441322590304
1884208708626273594
3420546176082623988
1009731416459741362
206041470052705497
2145981913374966748
4172234973211930093
8922141284963722194
5005395434513376099
450908982080101333
5947678897931419441
1310837758020727336
2644266721205814257
4536764365067736123
6170161135302201393
7273736869300856442
1786040500833200049
6097980889549059649
4516257606299302149
8074194080459493495
5042193967172258247
4524450188886815160
7786308317598495612
6051043215189931642
8396298906732374654
1858029427839556134
4521358640482875274
4945544781584798114
31061187595953499
2006235726740720630
8559941080748889618
5571527867464975895
23080493166778895
6837052168723094140
8066915656509649775
6754365618896541156
7590485583683200513
2515734040969309005
7737889321675707144
8418067315669496604
4975197201967779456
328418496734824224
6355146295489149488
2502697475714881196
8977271578246800247
1008947626417403105
275593333372530007
5875584025573060236
5924636926055469632
7307393002240120445
5477649160957180509
3468947714322165946
1852989418036576135
3771266155813957569
8039593213284372149
2926419900944631504
7075858100120721270
7460894709620270459
243328617597532436
5076986645994505561
577910495951644752
7817030974284443771
7840709784718069392
6724938766737416403
8608956685933139406
6226192690354154379
8415271348801587280
2132717573026051602
860956682895786670
2788095567936249349
5599300481426826739
5544616741494691636
8086851699682196010
1364622125169613745
4049964837571114286
805598125575749845
446136196392041986
3631852487462701780
4400399434817585640
5903143383455189023
8978072957829262777
409167851564980842
7619720642808596586
8065304046124184892
2619700628572433871
4855450589846876661
3927208778426205937
5412800812946177958
2409851803106191058
1424384776397839368
2323069110765015038
9063853206310084552
2225456257541850928
6233329805334794281
4831928386780575122
8910854120245490612
5766448850331951063
6121512828462080257
2825425955391378890
3161966126780143871
8685307983629360840
1708867869167039385
568014988378293871
9024240490023976654
1072994839693350071
3779058093872202041
6272533576784143781
1009035233756291646
7006883504853137811
4591271283592627820
4975772568137507023
7720899351613712322
6140461725729077376
2890032647107730011
6931169412008530978
8292281673122825209
3053234371004407067
7483660588105889772
3323966995113628704
4847332510508429749
3725931386732653442
7879204492953711406
3152872664410356131
5658308854233766743
1367657870080420823
1975927704895940126
3385634214939674287
2593824708834207886
1541715929203596802
8168405478573092240
4558843944118813505
438813963674284538
6496315962043520324
5451232771974137660
4625529214309843929
3408117256366652758
4963868339226930074
3726193697028749375
3696440504912651693
2473558048461836070
1182763227732062512
6224649809666814527
2314227179831338606
7640908408377637952
5417224508126172925
6762424258222843290
1993454519004750379
4296799786945408180
5237256232924459353
6730826224796372142
2959526966449085604
3960105658921314141
5297124964702176247
2725881138665531076
6057137756105640910
6188643628834321847
8315179980463444980
2008683779255059467
5696087842286354674
915085026242743041
6242485592828655863
5325217015213431593
7264703705599409479
2610699086036362066
2064254940761731642
7008774046951843239
2754245201230858634
4646089163931013899
2581623237392458224
4394432914050295222
6909511365737532376
8714857343488419735
1992491452589337914
6951333921354900964
5227734655343020722
1479520296759278937
8705762960212226836
2623869494849852593
2010633463094971187
254526091219100231
2864660333062262549
4141135537691572266
6604409253957876998
6956647641842298177
4807269635674288755
5295049280265302888
1695673474078559891
8619690212457328699
1630822457607980454
5208314792143575020
9143151357629262317
5701863796475958744
6295044747477468602
2932211671490119279
2274314136407965509
726459168152851059
8105467201753888484
7921336444244000162
6647131486490290414
6369212411531378492
5289326009844883255
5059273195237883678
4448241454403494349
6065318705803661350
8313020608264325066
6065990297016814397
4569737930132910444
2102336680138705151
5320968055029560120
3077649247355171900
4914747746388535044
4293890297515355031
8512141424357012884
6451303938311336169
4649046677999244779
2657799023121548725
8579095656357575992
1619552665292495195
2283561510033673539
7999478187371988755
4069105061340433327
5825217530707090250
6764994325271013560
6565620605775850026
1189971850813100475
589837616658996946
1264524014394289746
1071973624075519690
8095186838676614072
2671158415324599170
9094515845444158994
5106498411065265640
6953308129029756599
8784130229271882410
3132690716987261476
7989167252396792401
2206769364544119358
4802379005698866054
4919565773423360218
678084119840532476
6536114972926075505
6435731165803871320
4962525249933398198
1650582217617737900
695494653959325518
1591692318408147974
3960170129345852421
4085452700197197756
32556698090887630
5477173519315896685
4682864221288455222
5932049110859784101
2327339003906417454
6159469234448783323
2318880355609774819
1835752932846355074
7963493604260663603
3381960566552121966
2336483858218072672
2543613820540938201
2736486787412264870
2562427097981177683
3359026222162807935
7796459198883699673
9046642576996883508
3971750908523265439
5375280341049897747
7106830575961889996
5953981190099462119
4764164839716855281
1891841537552737668
6247894754131148690
6945468791106035237
4928425609353935931
7060057145174294959
470111992917128694
8573851663915943765
5844618590810985015
7747279121426490828
127138375345813397
5480864547831291263
7158163551711671415
5722170034942433069
1638001297983396531
7205561863073825849
5626800102067115684
4750711571137444958
8410022357590138663
6700623527045678403
904190505210331613
508005729563307094
7541034048589525680
8764563769513406341
2844823948532842545
7543071997188813344
2998608211356668429
8097082608273047437
6819936238231034647
1326914737490634760
5893783164414006230
3316752361379315886
2203912168295219077
9158227159178526543
1746140616349817437
3785548329793175215
4494535731922110410
669289788343898816
7913014879432041910
6411095097215349743
5872959042460764543
2491575416942921044
8554777823940736629
2631732473211138837
635344556004264363
9134405764878103793
4617956389101401210
6544332345379150793
7812816263523375315
6248976298628739207
6695843968117361679
6069636325820789833
7958162875770758144
6485652543337518455
2671584354372951824
6969087774177729256
2454386320566429463
113413301442382577
717506819960145276
462149381694828111
4057075011233530738
5631394359332983461
8240864066023480911
8095540988348247779
1932701065677570028
3989658424155125777
4210969751035903055
659755723717383197
6976220990748288403
5353876461179080780
2624431685118224536
2365521331650306057
7330921501347644130
1367980341664457260
1448351421217861180
8826122724755702113
455901178178955348
5040621254379118500
2391975696667299043
628279966660701479
9146401582641523038
2450589003715971648
8736189665054258243
1084912982685959761
8899276674278341044
2440987462122292772
1817520971284180626
4549381547376755955
5916341496261949128
5708608711043512561
5708707872723714518
306653794068514248
7182496157337440958
2680951128146278096
1134047112726723184
5619581311253463827
2913914690460515008
7066945653992431454
7371816494370398703
417858569303905415
9212751405188300870
3219463262452776070
8268824206671275531
5942365068491147610
5560077503757672554
3605867511524310039
4988300350929057807
1994832758082904323
2070914922272409000
6512544996445376388
8785403316044224179
3845177821763597524
8038025585716238045
3608879898812624035
8248162118063051485
1092913715510748831
6413926259814623770
191890648646581964
7350051920649729855
5828784392028662423
501295385471188116
5923898686241768560
1427010917588932172
4294732343555028978
38066558689301434
1346013111954824033
1524269956133077366
8559215540900540614
8500888199520082360
5488385691188490625
1928959439700762255
2296688644006653438
7348565316434981497
8937719953990689127
3040779795835847433
1989510071139045954
8483111187120268615
7498494764752232644
8384227027367154626
2544773320365315619
5134503280160979908
2911862983577317342
7875701183995533393
2431231716514026313
6597820345363285333
1375614945952275087
5294786955174981666
97657328773595291
5667941905956536412
2353879225799722097
3853097150725608143
9086715678958798749
3701774332870249227
5620850302284694639
697170970042800456
6725831612794005889
1473489772980289319
2695145436043838581
4458024631542413145
7189928762820982229
5249132101166825008
8949094232651723820
7860948691257773396
4624057681061105518
2774992665164446065
2330896723726881473
2926236023113877221
2109848119517480543
8913883511055283616
487462403470049617
6751032694977022930
477295759012173969
3055151759535807723
913744531368953781
4684429861040789452
238216043507493903
5284136211187161489
4474220123778099540
5430227856314562405
4339175992937639995
3265097012397001254
2893037291714454026
3134152294588686769
6201271272841672370
6397103151494094617
7602758379147225799
3482797902103139570
6203483038700742726
2169708118357245421
4568948171087077071
716107923290461994
8976098488135836463
3790669101300895872
3111394619316130499
4144412831082069725
8732169617205207600
8025765441560652679
5930573227665656284
9094352116414931793
7592990160018456427
5488345357516115030
3527325313730724606
4355046225024364945
5087845599126170260
4245940956821214028
7794858617503139258
6813849614594655477
7775193228506412582
8099897910326351888
3986879140417453175
1728418148668052738
2298144492046228902
6197367485484640899
8779376720806000022
3372758081974192764
8314800542037167813
3642910444198721014
4648320391927613877
1199637648253210108
1691092348708599225
2125590985580620866
1699876407166401917
947205042886902463
1920391856502645604
4011718367941680314
6945386103636736077
8933722284299280638
7028640915136779920
6524693390626897214
6386668189776473393
6606741197992609991
8897426889278615885
1638186462409959577
2333877652748233447
4183019474423455823
4568516162362718326
4936986109523415312
784478778157877420
3338057566601711081
8008675039520927149
692195820876411862
2607030776333730395
1933691225049527949
813819331333942589
537313793205038012
3512844070510353226
2770605669238369173
221775321024554213
529028391917826359
5222284490077960592
1063501153988713843
8040736061791405122
4710718671802432030
5231001605362088343
3797357726811527378
7461758844908343628
4140135208073702629
5100151951925480222
4923514150434096606
336889296115932839
3629954116307478129
8495312536946260435
6410957619428346649
6645349940660608294
935176988584030971
7812534297516054155
1350976510255481638
4266171757184798639
6779551427195554304
114629760081513045
3503384492499388255
4272543022605492328
4062506361112238185
886758066397594739
7915153407860883096
6234179190304641588
1078461778400992593
1035458966647564891
6303091037210941262
7363252192645709487
7022539255366293795
771268525375400946
8229648540521359234
8665881809284408318
6912208747915859130
7776892317803870652
4827063332626297797
7815839003527421676
4947497307544555234
8442591942363586413
2628679819280129616
3893090614032509562
4743959653319570097
3953512468758707750
1835740468586568106
5827550580751866823
4257931881785065333
4976845366036668657
7608366306759448745
6854312700295285908
4118683070613057544
9205735437672910127
6081470615886727030
7597016672694863829
2064675436451596160
6158110665944043172
1813276604620407371
8224873828524348284
4877180425516926452
6565590170326137474
4484136088542561176
8938260143430826884
755247940472609944
2230135995218965950
8986741594582696902
6063268979294095089
2332568487712282531
1202096902372475834
2022609988009681551
2868145716107056158
4672847247784261480
5835603800193259265
3651361328217249697
7636160822601932914
9017161785434381632
8092570641118720168
8872965576601465481
7557795507552923094
2121182345570724754
6602939835762144422
5821810367741784554
3728563290160737156
9055950933662844223
3887440778019986860
1459048247314788338
99733079625467612
8823260685246340885
809371195371577647
1129035679952916050
6668953660976850857
5479094185590743509
1737321800499877183
4940704500736210427
6514243711612376352
3671362860615584467
2453790785448303846
3387820874144549673
430494562850307544
2717007788437514965
1319277710467544946
8966920035255246188
4977650551766449753
6392117591035183672
6554960272245460078
7546122588092532183
4382709968700851367
2088704103443785006
9194133907537830032
5114507845067290492
7065358257931131793
4028309494108424942
3837905081254020020
1800718071799347721
6195479028905025681
3146763830261083114
1122582147999163057
8970136971394510224
8918206189829720619
3960971377822278931
7457783015383988757
9019820853279771300
4909378390964262802
3490141228541165337
8528317597242582099
7247412166891172633
2784050380623208072
3986285656038614476
2667136455000438749
768716697408677881
8923674665298605092
450320832337745357
5943217427472741485
8759092527207034736
5146721743819417586
3777883707453834247
149940234582219782
6422623684500702306
7017738426246994095
5762152895661278586
2751376532861721700
6148929039033492522
765440883825545754
2440180156257889067
3621633527295917329
2929610798743102321
2375354510781219878
5388498618240447300
5617654005813034037
416109766873731388
5115919395448099685
69666567523714301
7064494878513214482
6092084844944396915
4251463945034963274
3733401162951748137
8536866180469047029
4979158079224732641
5703047655965414338
7798732106099695565
8387889910674610815
2200659814710379122
4256249952949123414
5861241482508693560
6018031491535428366
3217791604149382037
2418735404517416563
4993930629623304646
8621946672533990509
3781191172002485856
8754974909728111230
5256649900033918903
6134014593194168999
7015275210599361916
1332731788682972646
3194385307808516928
80961397050126453
8751352438196140846
1836657127385560832
1889542133736734140
7501636642448310580
2628283181287358214
7917071232988031106
6782589708725393628
356864299654906638
461126261922682497
8976018488671730058
4964798106013355824
1995753217347563486
3352789602926150621
6683714810615232484
8928904517490657647
3917600827537968062
7516676392745851924
5883916044188367891
4626340309309845996
6048290609953206421
2629131785621677670
6054249674660918641
297503153654442514
2102491282411251979
316724990105998562
972781607256389914
5188501956234459076
1559141443070441873
4476143409111150548
7956051933270378696
5066218318140810101
1977472356611558409
1028843856240968912
3002981544046779417
5176081366432026786
294509277788226524
4190804743014995600
1585151385586011206
1887740023716584384
9133743072529820469
6602513568236617155
5536228392990416375
9105229324700004655
8435248034346364124
247555902438479954
3811838966957341401
7974069236557230620
3306874082469387247
1443382190861473996
5429448474094321363
1224592973305501693
8941185517151484230
140181957783071087
953766721588212940
2117463621762295021
4740308739952214213
501613303415103348
2153246322752824847
4721271129721337028
5408764399758925476
2327688945507074656
2079846893398565973
1781203515078185067
1051367604204536052
6917053271995068858
6774921662779376673
2377721975192679249
1292059967599833543
3366151284256284655
7557560338224725817
801929795644166766
924634490326155269
8893125945614416635
2948222984450767869
6179560446512101545
7628418290902734214
2860003485549680313
3739988538668492644
549242490706476983
4704138546857451359
1366376581344644161
3840548229580493906
4499426002610904615
1156704501860708163
932965198886367815
5350006942052094933
6877488598597226029
7221241110474646941
557376766619927422
8997275335876866489
2742468154398832966
659660598335239120
4279728480143895220
3144837408871397329
6114946561597528205
8226084443073875338
5486412020585090201
6706680750844113196
3725247035827290128
5471806058128256918
5559677633422371547
2848104910737120954
1082391922650783430
8390187425477056928
843296354972714975
8408802310787523739
405246502705565565
9003369244205896000
239703091305977488
7112467317675792291
7667311869322057696
2299522418161298009
886183371801544644
4559711533526776355
3930847708281779651
6656122593856083044
6990066183697556494
7073201775672594146
7774888073118345308
1948067411138553567
5671641806238156061
6130624775409482090
6286360186568804684
9103313506666933647
3785801923081470266
6502849251543747628
8919309103409264488
5013050885710143490
7398205286291885225
2490550571078066840
6733585425002688519
6395440437591387119
4560484710648858338
8276685774320893821
2696371404968003414
3664942567692657584
4530065495283907832
2598468088356372381
1287747189309370878
8322315697861720156
7678407715925192799
5617375910631139988
2087016477913272495
3789754417761236394
5195562192693855714
4607771373243738061
7499087438035555278
8012979373581839355
7468281470484660224
4036663957061242515
353926918220907213
4426035193195930951
1071775503308256501
176359378544715729
5957369437076666071
6669948519406614065
2950409586527538227
6915445081181678991
3498334467353015921
6637835399270973914
5286582192453886476
8647912454024685046
3155253743879978715
2765637202604815746
3342441702354479282
347155164637476397
1440638060146456408
8550668298853681922
6343568792020716162
2238897642893730037
6799073670496214107
4848677164905054468
2801482737660620030
7862365448242257633
862489006173999799
1020310194881908829
3838450966609598566
2856056104597123398
1104229327071764370
860327010836402571
5046663507997062862
3882713955388738515
3705915208589285133
296440058660207302
6580812546359941286
3086439401316542434
2835297519585474713
4649255076463908405
650109005352660570
1447586028068419553
2170450965251334892
6644409367671665523
8752354607336224351
2299949673238301381
208392607465119461
3447187884757640337
3106265092206957257
2955759904660257704
8813908341266413356
6616027833912143433
3821977317762563295
3022369886469230059
1062886433290530744
1494701075997630712
4365267229104819014
7858308137690603322
2379705358199376305
1066147787573936431
7030001821778470703
4260516120804628820
5952819729608638540
5048884544727377832
1230196036335896806
5897046857439297315
1181201939609672307
1044229841237069173
8865745933975976264
3112553974697904469
8548142737669356915
8032982931958943591
6056376861688376844
2562819016336682315
5975462163679389239
383648248950852794
4616438340095687764
8189571140788477990
4390136999279469755
973838114426980393
6175130764950977713
8380330506840582923
8858697400484344983
3415000029063692399
696108074951549230
2400627447175920754
4922807382826051095
4750561060160260520
177147343324934444
6825344139843163182
3935177367752985582
2388532403324368131
3078412700769784611
7613932635047746563
7741330527345128998
7934816003435408788
6856093190870644732
5127751033576529809
5619699628945903178
7940057352154072399
1628820309371267211
6515339802582705932
8418234228138508522
6983623297932903583
3064749372127272328
27433160041615688
2912159403544937058
2164989411099993025
2995791720026351660
4368716155020444897
6736457267627200977
8541631080748767198
3907187377283623166
9024114467317882254
6659857884739029616
9221214216970194008
7729711192529708611
2849782655689582496
9103409589818484738
6872356003227398820
3366077627117547654
4820759946214283709
3971244307059149178
5465017787520800173
6673752258310937743
3821560231377371133
573488138325530267
4705752947747498810
568074426691344516
5415355823009505422
7274073430909691637
1013670940030677956
5668091446484554495
239563218563752599
8937102428597252882
7361674928704838713
927632992547880559
2524562296778493146
510032365784864985
628928467188166075
4778552899928817548
8208743577746505196
297267583847082677
5870085956739637661
8499174807586527668
4665576316955678857
3692330318806883917
89525056982839674
2992537697459186459
1049721235458972542
8365364224577041029
895156211728119666
6888308269387942676
6978976332079677957
735751500504147951
7101325124497240283
7919441578808008212
2095366602708925984
7962172700170740236
5444645246658789732
4509406034796974132
361128508848836430
6682661013136907403
7625616308788664817
5136106074413320498
1864934293143670157
247651844676373826
3249379685222087607
7168138363687188653
4583801325714753881
5943867415072264553
5648863290135770851
8767159904505742765
3644908744014120176
5714910510343465341
512930460284985499
2990425808286685514
7600460634867032605
6537166392712337834
8228774083253012024
7876212550318859190
6180775955090284471
6574555678810733622
4399334976482282970
3540189667663698115
7150922528351791695
2336374955598890301
6761198016498757722
2910070020672690852
6915682842572447773
7738027524835396456
5488100367116722151
6296196976312554967
854710483468640776
7928102116978969596
599996692823849780
7387334156288818423
7530925458954326075
3737118800889722592
4131508928494871669
6486457534530644991
5425631039239486784
6337875961410601352
4135120896128337641
439883359176319562
8811847589363655323
35101809025219002
5249531763491084990
3152705933965591237
2913252728195372957
6882672043660549037
3303528470442492830
3351479061144290236
7838743617067218007
4373270730233759495
5123828586704511054
6165862463028433431
4837568227407057383
84140521709191274
3581398925942953527
7740007720922910637
7248379045596881830
438460479701907389
5420445184037529453
20618044619975015
6295465212906084003
7943319655245859695
2765945145639398636
897520922944721794
7802946911554142415
1257562561077247522
304155378079363972
5920448841597863109
3835026628332473350
6656419881904459725
3909169375839107082
7950257549197322452
2810184346576450448
4585302028966302708
2869470431024288324
5213390887712487646
5851069101173928014
4526842621247178892
7760461156690621688
8151679867857685165
6546112113751881007
5790839016419276948
820386074789669420
4722993884376339492
8591919099956748073
6593861964752157272
931995512749453876
27273395385118407
2035324401787583142
8001862719622495704
5472988872666287181
7905476501128027279
3739406933688251205
6251181952238428018
2289742497199795176
8237561835474352694
1761666409205117246
6029884818487403352
5537742587048926928
5300106449809081747
397724298059429179
2429136791890880035
133377404666596295
935424190860352291
2667150761860995243
8256158443357192674
2978436011656104910
8449928852477918992
2984171192065362296
2506444078988481164
5498131585287523004
8970264144508455925
40476114528724823
2694772488345269682
8096533234813271847
4392472285289656152
789410294053271671
5302293166552222753
5274979411891067051
938619476273030663
1515679703454164329
1053134057400387617
2130283735108454372
15565308712155009
119689798574500084
5558450395467541803
3539360999505444459
644369500841645417
5423521602915867130
2668262520759814854
3792223999015643999
471355747734191189
4875610537982988594
561759121283578788
1664739396533552132
8266179853914457564
1095003786072690877
3728712854615386118
6462192463117985532
9185876250848697922
6314214857075734711
1840695283992605363
4317989626985017555
7491793450620423822
7869770042452218827
6392412552221478195
2763243582064025261
492290553491030675
1684552212304627303
3406021079873559236
5340607839939104169
2916783834634486242
8347466170166387151
3032627659413228132
9019410899181554420
9074459931185774149
3204544836739285119
5829340673983603502
2080729005994769221
7813776711398202599
8565316454935047015
6543626088188155549
5886064620067519945
965554581710126685
2769828394826844684
455676910785865613
4820778450621503457
8513058526614646756
2441860203840959460
3209996001228529599
1816592577595146951
1049426981439043426
6695930768379188746
2266798349524869771
2559911898241642288
5688497028642781202
544217841787830361
8568062199246982903
7811076500263788756
4854681172728599275
4046220898146802300
308969530855335175
4967596938422239618
9039319651085142068
5545128755891738841
3450993283954157445
1059889603662085020
5566021900236907142
3500370276991280738
5640930035101752713
4167307101759874791
2792693876063231505
3230981755706269654
1034293617062754444
4276930332012745140
4445182084836700654
3119666581708754378
6257480150806277379
5513307911089744212
6902292056775486673
5075729577707271514
5356240376512255615
5808384488220215961
4156261225018375308
8359942112399787959
9205493808791331401
2682897134451403373
3656467394468387486
5392506062643870372
1512410007314069596
3627874437643330457
8871330832638089621
6902979811655274380
4945333851828209267
767895869902825694
7867485746873791887
5809316131706906674
8947710729203442862
7299566954905701593
6152751168854593325
7690589889373510657
3922682123674844974
2680456224772656713
1969628000403104899
2587015223286623927
4436747499899097428
2999326840521024905
8754449161801612265
1428044312865573780
4908236835236841646
220526565736395041
640425330992330523
3691154031486292271
345778353337352098
862142448564292271
3961012694876921744
3873409767902438759
8849378018978554165
7975231106175609332
8715033577524812375
7621428815387322412
7101702983622760756
968067633662711971
7464231913384061237
2034196811557152565
4672691995127004665
4021885139966421424
1288674881862783049
8176707797179576329
1931173678310688735
9215426629874835416
5457952603027180825
3857271307706834114
7008084414798311155
739459876524317671
8381787565303485506
5083749188131554998
6692605790646044983
4134154058275862927
4002987173032126170
2352435362536341674
1175458841428337372
1870747661377709140
3848382356301551646
1527300556513585091
6601149386194692636
1126428757246721210
4541668340890555300
6945549078106618355
896854989365425264
6869467095442112868
2976703411434609079
9004689152371849539
2932234372540723254
8361095760244240430
7402544785468269068
4584950906749813774
8187359707463742876
4737438020338324416
4153794435179123888
1737328221858026929
7701973338932179697
701615225902925187
5611685956567023620
7023902776267777515
4585121573261449273
6708466860139552346
5098236659833668050
6937968364497373655
8371804959124869566
8753819381601496039
1914258219281328651
6504423565413774861
7405530015492704275
8070196544258657276
657246736073237429
1424790202273540661
2673795732884182414
3665637878117836885
3059390760249862842
598958766022902048
7768819708050252559
3754066969718721608
8655350955484730633
3882358826999952628
402812349342284911
5047670967765674037
7728286684525912615
6224176141051411227
958628499435562048
6910970228578276138
321931266678218419
5144578177768920962
8778023184600271080
7203392141728372056
5506947480261169849
6710917303535236030
249345767681825144
8567935726239001539
8686090222178130812
119826286483859860
5188788246591223707
7484830140501292332
8113479018212651134
4635684841437969236
2517179918123946102
6886543806182832906
4793278291434025962
1834657972674610124
6522829588526684290
3703544893241660348
60023624465559922
3839394518081607619
1549950668767955513
161798098391873365
4937582772819454252
2734704042497630153
2837397301743607170
4105990229456103679
2422001587197400511
6149384278762403621
6567817745157936715
6855334277589188422
6849052129890759987
7370387862462026344
4076636864479709361
7765568643457495023
5026364104994801588
4535614528071118853
6031606601011891401
5045685257397971210
8344821863737156370
7451245578197971525
9104945609733571111
9020253027330265293
7622768794767371860
5044363787708870286
5090527415791420164
4396655362609590973
6458053875477964492
57034935364921709
4338242385760275614
5766009028778029215
656237393568743734
2295023749902103113
5452850343910424885
1084835034830725411
3299126501124673941
6275406068181874152
487726437814704189
1888984437324654334
4320176537742707369
1803959472789761130
6612500015385002559
8187891022840716802
8877712836115682553
7307077069414228455
5177997848490906606
4928050183222721911
8106043197763119933
1015886352313677949
2401032552711959228
6041984603942734537
1947515498209003415
4441998131988298824
7363814677967793243
8436517767546587583
4173394607273904872
7142311123426866437
1813803450288753467
5506031588614736507
2813437501147746512
7080984143378472554
2921668060542307756
6412271362488736085
7116229729743879503
6895790787915399705
5667859048372461714
7413285548665504556
8843790093213558724
456385187384125785
5825368437266224484
1611278899655951324
3952150326476549291
9132805102511746738
7339730514116401288
8151094840629874724
2641329892607455825
8544544847732433545
6398813838618147356
9025512067836016847
4790785825148837183
6952818960586715842
4130189200521130703
8636891402746065576
5469728979181285702
8065091640561746769
738040821708462586
4981316114271053556
8317326143256375878
8125911558556591672
444539293416334179
4409391608004324218
9081906465921554943
5727278570775573432
7527285343435524577
6663320136945646240
3918768476124568554
5732288272424444660
2514604939598373761
2984661652597062657
7808578532210177093
644943779324978468
2789041491863278973
7457058861740360656
2856346916778517182
4577168646567546084
4791136541893798857
8643753976442178890
1665520817806469738
6977044437357851642
452677952591996017
5803557080866889377
7844947091692467526
4706463645095372101
2166660660805329137
1275263527435628042
5858332111104675295
3993136500131109830
6718395707122678637
6395951149180844180
7541010626904512012
4806014617007448403
6210064685138551743
1813334304910443132
7766876506939761580
1873978563717162200
7057095894997593929
2306216430525640541
6123571485444007551
2858668711855941324
8090805112059164511
3913194141977556241
5953688842631674651
3053595886821612567
215214709768614821
7298320075588620296
8862663423651454421
7543867300944841153
2449908091494919228
272627941461884182
6175585576359815572
8590403532190241611
2425951929857985275
8355044812572103773
3601805278420403316
7295125314086164408
1906704451903166639
2610401027195251219
2642814224372897544
277160879974149670
1544248441316987289
849193954051464921
5727197070324436399
1206532268917047606
7515275328882910835
8276770609275729113
1213664866335643993
2278468247925074339
3430762595323707884
7884420119800515569
9123902552776334508
6203986928124227345
6302362867454146537
2160001417952490811
5489548448301431488
4436116970025690958
5267747233058186516
6362495710691710380
1162771847960089787
4959601541038006009
761040411501167499
7100895350908349768
4292965137968521548
7050569822773955645
7356439181982747325
3009448608506287715
1308695095170022307
4420086364041567793
8819462845642866174
8029220774756437721
588127708724396834
6098648416730451804
1690067155958724695
1321010620888584915
6630754548948473493
4289538205223717099
6394372118952281194
3715516722422192674
8635526325919907660
6249833756970380476
3384633932024418202
2700552587300657430
2670942150919678489
2758281821770700178
6416006719352116799
2302347399983943747
5867062944022508423
2328004300699991357
6955540923899521758
3109533389282323840
3406077414337656444
6613008862702601472
6669299787231054266
9096374855345013247
5931871124884914940
5482032768225157970
7330922739155554142
1074399526286055182
5048290809039262955
2145407058956838756
6826110823654628447
6182339169446736237
5026071163590113955
5954462229609287053
4078336049036770555
5689431186027858577
6485991664429335061
6939344292780639223
3639354541121834202
1891373417229368815
5935921630390162611
5091046050721779603
9029929931376607927
2016016630406468630
3431141513302394266
1152761545237383945
5640981494167131198
8798888726127681372
1989047792813357753
7209692488894323878
8512185188303979563
8981357902823225621
5023650103405673487
1562776384268030567
4564618116560977521
8599442522548009090
8375204937225666915
392552992290524753
2585713734706292686
4595088002565021094
7205169378239962099
8539530007276667394
1653134643383094582
1759144005235452497
4782455424126057252
2716463174868825620
3635417745851078858
5135729941220487898
6000832726740811457
5466287988214145301
276230966111036909
6632139445177111144
1560822863504694502
1501775208304148233
2766314881396052785
6895141047635358406
7820113591432898313
469337037766266779
8701275782700677017
7660303205757636974
4652910479744945245
8641590929255604653
1889124098393603232
4685475610645550514
7114799728173094493
2739193483126304850
6149857982936873617
4278917154016422519
6196553148742319026
8796359367743807049
5549700534551054597
5255026750204830226
315707609737205066
4304131455573786701
2292621673696381476
6015532652186494755
9006609215635129457
3860223530796266355
1046717332639736048
4428970799479266533
3982863955299027586
2506324684087365406
6076857042062270576
2672612487340888578
8947913079032131413
3235155777984163682
7411675108459749202
3332683931955683156
304478310507484822
5307363559563822793
840280595961162741
3675177505164871843
3495234418826152752
5142037785565464613
3400986322809866215
8651359849985094294
9110760794971982247
5246147892493871323
1951731648603795393
3664763208478763591
1139817193974351475
6147099473959184868
7096015966226974261
865081043026802747
6538459019735622992
4533853594078301966
3367716823596660387
7233166814360346743
5165501331092591042
7201071611010649668
3351436095377412581
7424524428877151224
4836890474085360245
4641457338906329362
5566197909995225771
2578428298745249989
3632765033942039026
8738236002742920717
5267156482108810127
7342608193207488878
3444582912006200579
2473994452592626838
7298925170036725831
7987024103834815618
6118216939821281661
7601209794026153777
4601102130862673292
1273134496708178815
5128046331881636253
1815173151223173691
9098957179726431877
7859497523862857004
3417187189044197777
3365306115608103807
5371781115751940366
8032210953487105009
1288085308850479937
4386883880401947636
6068127240464785831
96042711206038490
562512515025295209
5183256220005813125
3772817921187861646
997794791762069944
7108400550528418566
8011749977884777675
3415850423883193619
2443091542303432059
2891528090595277319
6599415360038174131
5021665640811488487
639042521916178835
5273218715632794123
5953128694574631757
5284636754540797908
7153457057886781992
354914630342796114
5578205143458438534
7702887929218766162
1668933428653204380
4056009220649607371
2597316093802041774
6426309556449532872
2971109445994149139
3245256335641350242
6898060917632484778
6610008913620282985
1895847891940847220
5377676503785280052
1666321767335128791
757985028337853097
1938483160796365332
9115936488878371584
2230748710673713045
382393551830611712
2705851665648735674
8899460338014011233
560068088161616005
2775756073487317246
1862232438905011959
7388926119466340586
3601539661444356998
6014601337005123845
8071662000542821741
7123049568111893946
1442639762506454713
6011180362386034748
2230107613332614631
7497353582365867295
5458934578569226271
22577070643340430
7599431475773460563
8676321279452287362
4834629572060116186
9022419865491771736
6941120493121838342
8226115367115088727
4643750851135307324
648143803532516239
1182448018214518770
1501015525124897695
1558785477158999902
7844660009587356264
1348366690778303794
1773493463557930929
7298914313370608830
572649504008860081
4560560910935113703
6613720020472848950
3919354773720107782
4907426882478976856
1220248181089971912
7216751101072179339
5304130898882224025
2742816965251154482
3544137646919201118
403992102752663687
6964212757940317587
6085277900577815160
6063389919559833056
3438301124290843505
8299882169568891982
6811976245280332045
3361482504440458422
1777899491875808320
8060632849556592656
884920303597526562
6258975880268225805
3399712577763020476
2384778923298143947
2503246248885894192
6288096948622890557
1180199011107816088
3789127513542767598
3955756520386112947
2854637230958836442
3896923288137120332
965102777622624569
8769617236002776473
5264432103429635574
3194677102125650269
6412443780603220692
8021229919865383749
7202678279397990803
3300854868272963042
1256849567721381674
8613734040870058565
7850294305189799125
5703198881677647692
1842995194285492571
163112282132399085
6750692068263841425
1186926813172501168
2357940260867140442
1790172146516011741
3905566323517583596
5542877784638083500
1760084924695388258
8762009492511769186
1494799798326746564
6238697207271997507
8955653815807645971
8252008416069521007
3720801818131089312
5352091210881874812
5666061609041635903
3401777119385557156
4092328286835303474
1327585739465171382
8687814595391273640
1782669386760906300
4508770277957476074
8564273293061961796
3843885084997855665
4669269308463971065
5939527901834619655
283246629640507506
1107442367794063397
5122953001452815421
3929443913361022015
2450129420876795374
421052047134802019
4059723476224699515
1019338471191646957
7837184421247174581
8041429442210701345
4185300855699554719
8263135542515044736
8250816462687244840
1362628153037899971
2013670990612421332
5235155021244472140
1036847740170368299
2859600175972810198
5611861566164404584
9049134011673280415
198016142515464224
7098835897513496775
396358540504316202
8600067746867660176
8194619419842841739
653980810267527235
7175009971035017777
7927423236252666197
4180426298470907170
8124151253142036880
5716231020113480107
1150149639166928577
6973199254807297915
843834657206793464
4652010873070527916
5881188288841587119
4668823438618384561
6385521704473599504
598954746753120824
6457326708999832334
6654334213767692951
935261878354105080
1167087235963675060
3976913338330112980
8575530484508928321
8386196058314130393
2675180951963131362
4961819188216855982
145614173492908289
8332744465608595746
4286211493749131124
1353019827889312129
2394962391743754345
3679789517956408888
251371827064271167
7720551634471637981
4648966666283624758
600374032818793660
5795550298693865222
8309982151195048860
8371525136403286996
3485670072119937750
3565705947682528349
3901403739031650928
1079622787969078683
3461225761485535240
4502288446709349561
598771317816754461
1822395803753642883
6514764639203430300
1961481574872326281
2060277205854470672
677276168637080605
2431584198642256186
6550070019490656964
2595875894760437968
9130464925408325603
1872559543610438199
3473323820671051752
1576484348903204703
3637060074428378065
296778154191049885
7908525035624319923
778314096644772549
8446361268929795446
1022424313660543939
2108133685672226499
989778618130286510
1342733393671871586
8857069565941677277
7237578836679418336
5343387578930417209
7423833062922978005
6652692231160979300
6303817531187166930
5476582280789199988
8930138245831164696
2715767648107733702
3764717885011151209
1597904685747967235
2605925380607446468
1044501142985872820
6926737443308004663
6398687921847974825
607972353628328248
8838953326392458416
7691149077464629535
625213990565200306
8016709120608106509
2897104539599454027
1062623068996024174
7600579467064936375
4535324264482334091
7427202219212853649
5496826085397833625
5432935255830817780
4643568261797650658
5467337747833377289
2954654631014713872
1064110105397726390
2967180104288827443
8859484002049621404
508891383709605916
3120750465308532188
1306878472155893330
4393546242916786585
4798631643471410848
6486229586607831800
4482811477596738372
1646962379031938426
5931347688557963791
2277391487922535555
1869492645139808840
3347804503561361769
7783589602524669878
8268625191503175508
1232303710256773228
7868516562864957301
1010210302872216260
8216504828845612456
2853746976578285650
1844018532333726276
4228419916424487101
5548499977503065014
516209709932761393
8085999353442560838
2819606323790061606
546890260044198719
7378722781438292564
5224559440360371272
3256907857062173668
2006620286942007445
6511884228701666081
8952427405546910619
2298109051050662609
8079086177760077763
8853356545635653005
4622245647376777339
39540091633092297
2624636689687283908
2193923483119210096
9220807302445009497
7047664969806997583
7052085964480032220
3130244428257814036
8604271415867686461
4401238126642020658
3605903582269144809
3327850997086899267
5548256433697868964
7232220502550311167
7237625299847060748
2734646157075763241
5410202281960220489
8921973610064274138
8665083873226848034
1584966570237896206
4828386766443325438
5613106729456639045
5061968121361749462
8052434912060871515
573940358017546204
7959797734203161360
9005838830802449941
6331376081804387403
7511170903004182332
6252054470300144601
756883418376328682
7978711388224153252
7632797267705615442
5753608304578738709
2423171061499574400
5692952237786191811
818602441844937640
1405408641592574883
4782786680954090536
2282498194808107371
1710752580634602328
7742160016097280687
6739827472810228926
3983302442210464183
7966071414760799488
7596315832715005980
322424698072147085
2730334899626897121
1202257106202912158
7342444259058510412
5247426147824932891
1676623636472712081
5554446723016369459
2006652696321830127
5098944392178103656
6453098012246950257
5141487707703468552
1761097098672157495
2028338310550404715
2966017948684950251
2576827111273437674
8997442131649582064
5343180381951733876
2771770942312352460
1636927086703601076
8225804599451122289
5404655468032642122
2023609195691986954
3908677956428773769
1882788266457496965
6511650300417040430
9208495514236490579
3488300409750194352
6514520025032129880
8300189816308642016
7327442395136696435
556415321116738196
6367383157822298604
99814113595383809
7926977064179200733
121755663878692498
4892195608579953551
2108393930643730862
9152306473774189932
1516175105014833201
2054880138881386254
4597014412641515113
8791313886658247005
3512463099722018919
3293928845429227274
8946347820311100741
422403302752385675
5412509170589604613
4780367033654494696
6833254054273172730
5023068129329542223
68735156635468027
1097138619738578154
1867853976703067075
2653718864737399492
6762025147410235476
8782302199547280013
8777932449870319466
7908280521679366756
8779416047140133885
2218511232151832659
9105026489153521523
8701225736657329558
1553474816362672795
6553535187084599776
4661633309381757879
1986444542862513163
3801946616409682862
5298327162120733689
43681330887594688
6723524234893847100
6292460472900915638
4327507418971181958
2031210933989984371
3354102573921784397
163066331444205428
7904031643718702482
41799881283025366
8892163313801906819
2226573492187150331
3549731301321299363
1087345040184162862
8215178875540160711
2159378003580692925
2074804277987015097
8449739467351581137
2034837945644991375
7196209891721409754
4157589185630310684
1930175920572636960
4342640658884351214
8205261038509695389
5344679394695431177
8031966409464303217
7759416577372654088
1419063294846114421
3879789939160982742
999736947453456649
2264360996581289388
8760732823936612415
7795214731989098084
4171393616534453063
2454862623508466412
5722107535763249712
7950359822454712717
2995212784952215160
5585924403112582553
8859363101259694495
7906427365882776232
710975650515485192
7948467092975696943
3306491610563154047
1086718364837844638
3920223970145321830
2860437261346047163
2712653148810406118
354840043810480388
2718719457919252232
1750783157892946888
5347901927665074751
4401146621298724098
2571941565378976563
3208825774990548722
5089855136851143259
6857746085698493878
1485674304836147720
4373680190426580795
7096377724526405106
3679513867016100072
8071129846034749749
3327231177059023105
8572813539890729946
485953015953086536
3469931578721559777
5930599641454171291
8793007340065847455
3852166985915067057
6071560199698620395
7962401238941440417
6899982842645561196
1082120890392206808
7090983743625511629
5822143398185876159
8720612336483888066
3120437226740464429
1889314417860398363
2303457447598497242
3497180140157650312
7566342309554376207
2512899964051595145
7992196737541621487
6640136205266900569
8574640501743891358
4895219789585843778
2788789852937672471
3619012586214170475
7678281566208557
5115831944036463412
5919034891540241201
3191872285296670466
1665740079679667952
7499587081558507873
2364216923131459969
1199630830335919154
4947174720854471155
9111545770261239289
7907259340942977606
8626738800869055824
6576558734913445639
7571064081602961088
4466184800319891662
1028464177507905146
9063662416583986802
6422611584979927789
1571356268003046651
7925415749585040379
454638721143408988
4905260997378750245
6366543937444386094
3721871167024075328
7670353724718141399
6181673923583855758
6309194625236986618
2086695619459775210
8261744690855772
3810430253229678169
5663920311677389457
2242451982637962880
592223040749801266
7621324840833235452
1565610330717357212
7644052965028765717
3467420604602996934
8359164075415110088
7426148230241546774
9223219271593148638
7284594297223184029
4519623408130468803
6207038477317558143
653295615842469999
1985211906147885190
204291772486668594
2813703593075762124
5297430723197174135
5333846333470855565
6654386123028744013
7245717351979828034
2356212020915126560
8670810026352681417
6986632482591274065
6138598224580674629
7325362155964592775
568521536951552469
2657912782776421386
8640746407903373774
1312237586141110358
5824926529386895839
1827364116147381873
4215993271880524728
8512571250602528121
5731226632245226212
8990025316667783054
723642386485824932
100371383495233889
7238509888699111521
3549398685835044565
1297050799212560433
7484333382731495414
5119194924990792441
2237421260013238729
7458203083685121687
4632744110299307300
2836889295473177562
768213881026742518
8073397665723596844
8554205614213581995
7295705432190633759
6396240895904679785
5525414873888884125
3790624973337099449
1584423790605307983
77285416814025581
4402335824704958210
7587448157222295289
5192285341790251240
5512409123424937899
2499806615713701556
3572652286001207042
1691299922907805904
7974189804792302592
5249199581521459221
8905432201212095904
8359907198005794254
1674833635667297582
3092515583825472769
1341865595979557380
5928907727612202129
7582479487777397930
7045264594388569542
3433372214140654673
364160660662896777
2093327822218800860
4768977963787849618
4054161874065788781
79522903632966411
8227490784157653836
6450295871897942537
7833346485164216647
7370874413448334894
687932086166934218
3950625193064841980
8116164632549806751
6110305732441313962
3930618136361309621
3317561434921572069
3717984063475221887
1542147729283949478
2506683916042097631
7924352923901217489
6308471053577520187
8584818966041303156
7756675797409343807
9145570667187808566
7645692735883065363
2177746203307798511
1057176421219063991
2753983221764750832
3811301410962157899
4021434036336755214
3948677438304767715
6748865723778440330
5719484655882192653
2204597341372301249
2999885025147089753
3251363732106507162
8152289165514227443
5916891575719892838
6178357999965860574
6771604050935397053
1677610898205499281
6420717505882939619
8779678993631195425
7892724266771893596
4586520587598664310
7011537694506248835
8606995060057769270
2971959622639217789
1721838772776213276
6970255647075685008
2356872970693552722
644212935076148485
2738818203679391861
8220082321485270876
8960955546860636348
6919715765554368599
5551832114428585194
168607111977121373
4546508183404604463
5960360576375163827
4004556806613065264
2234066621394139747
713118630230295007
199178677172968468
8432969686704463202
6288484600292777110
7070683926961283490
242865843600900468
2771666553634161978
7823438614045847759
1540094620853837234
5925077210206161711
8978380355963234454
7132619538025248166
5036201681603436082
3188325157328986656
7893583477972105298
4700662285492549533
7674049122247163642
5627238772152554613
1326173894691941055
5334517557415739519
2319873521090993219
2234377313568130338
5964825106568962543
8786308715426404339
9182020558528895667
1576678848530299068
6938689728528444310
7691862855484685967
3981394669761537784
459731345038255922
5686302687520207951
3882871540523696549
3903471474170744619
6530246872891812569
7363242635901173841
4589579748809999683
5977757577111635419
3258385503168933647
4917715262932271682
1398952802585878501
1635573840446937716
3808576333391767899
4949224850620489180
2352056969012714645
1143959556795469241
4279576190974181470
3853249304103545797
6371612549502029338
3940524047966091657
7590591743207784096
6050598902209985082
6906368551302833376
7641361891582637456
6564938021088322740
8551263943647301885
4094553615536115321
5271614036515060464
1675333514109104970
6399329030771382929
4472222852568693225
6036863110967259763
7537283164772075103
5765355588651700506
6656213417353906564
623572648903259415
1004415858799969164
1763028957623148331
8640448545420806177
6818836881607037842
3596705883441824808
1299099161872196086
3325649195022970671
8198674517593595125
6833667869374476872
4629980794020725440
1156811818906696610
8867477227263324276
2421168230513259399
1859703435722004513
3334487710794890783
4404036466242963262
2716170275729871206
6534440109882934315
8042257418358077356
6898417915132503312
1732376357086085889
8077508622868997043
7950872756190688439
6298731907289557395
8385931020351948501
1931263600067655422
8648105880269810143
3280295559516136275
5796005689310743871
4084590981572137045
3320291214593172504
8185344496564690165
3857140636618611446
2189912091602096088
1121168708155267203
6276860947148706357
9018825914806505627
4289560899563561919
5508344528071575080
3557353524807993367
4948561413133216008
6651597138249559712
8863754776408301636
8379944786727173834
3228778486059050764
942904290601126491
7932404014548038190
7246575284799131672
5848665352904521892
6212433954534942791
2822806515479045389
5371917519196737695
2510659270252708094
2453475002274832229
8966321504385731878
5220909561558478906
1728718941821528875
7585237162464007837
7135711765637145467
858138675588263818
3887265935829511787
3167127943098635765
6015308078269254314
6990022830513999634
8621917199980047370
7100027609961607576
7916843270182740781
8397787693445563377
7329900266893465931
2170109165323616335
1473599000882156241
1813423604537286663
2143529560119331317
7761291333752050285
6919614705249748135
8189486355929986815
4440990617536955198
1741430598035591704
2498948571373884297
6860391304154541688
2213126106294553794
2325904765636462818
4099512386548752244
8511377752734910276
1634330982343154392
3264023741167354770
8738128936624591587
7930603455760239379
2583018102728099895
2111223935261479555
8854102162149307636
388866295218714496
8547699964916176486
1380137856465345545
3276232154991825863
3200754263154333717
2541829240318409520
7655884815554249426
7488680217708023471
5187235820551520130
3018294170518163598
3565079001892914206
758371453567077831
632430412497012019
5344925303175730581
2445598925379941100
4185135400414078229
900361360052846235
4174650639289372673
3996747172419506380
7196402369125865053
3938867655290121821
6012171962523754141
7413324520431967343
3194863558897151487
93386669125063187
2648990166684059307
6411742117898670408
5281026023645023943
272589077410679427
3949267034125475969
408481236180284669
4243403216986814321
5817324601026347025
2272535800393059543
880914110219203448
8675459578473967429
7312357405214667821
1008800778871146781
1985002961443802134
1184623965920615135
2957483929691247487
7438509080342954678
6720220377807248351
7428107250924198039
2854628093272764809
8765137342646696159
1242914633488452636
2771427778066707949
1008380496571275620
7792660517915204285
5921883034397996568
1329464751248688594
3898760527368468107
5662161118613143765
5961523749103973962
778247176764429454
6424028707309655875
9016746920426424383
8575977273980699002
8346711993834344992
4176357531321710425
5509588989201556880
8520375183030430256
9072655068971900118
3187547622855785320
5299847228097973493
2981402936145292045
5713239354823126060
9197938336452690289
771489596640108119
303701220002528932
1422436018827091076
5381696135884440898
1468125358035019970
4447943199238267100
6619568106295496644
-1
